"dimension" "Birth" "Death"
"1" 0 0 Inf
"2" 0 4.62935208841644e-16 0.341616136703376
"3" 0 0.0494300264826793 0.0668404252331794
"4" 0 0.068427473151161 0.276334508653859
"5" 0 0.068427473151161 0.421645397498775
"6" 0 0.0735288090096362 0.0736540573275387
"7" 0 0.0984045676129466 0.106881496589272
"8" 0 0.211257172917519 0.224540191889095
