"from" "to" "weight"
"1" "aE17.5_1_01" "aE17.5_3_08" 0.00208336063401729
"2" "aE17.5_1_01" "aE17.5_4_05" 0.00229071824391185
"3" "aE17.5_1_01" "aE17.5_1_06" 0.00233552465059554
"4" "aE17.5_1_01" "aE17.5_1_24" 0.00274345283892017
"5" "aE17.5_1_01" "aE17.5_1_08" 0.0030636729753392
"6" "aE17.5_1_01" "aP0_3_01" 0.00306398505786664
"7" "aE17.5_1_01" "aP0_1_18" 0.00365385685928186
"8" "aE17.5_1_01" "aE17.5_1_03" 0.00433743990035842
"9" "aE17.5_1_01" "aE17.5_1_05" 0.00466276979637295
"10" "aE17.5_1_01" "aE17.5_2_13" 0.004810487003899
"11" "aE17.5_1_01" "aE17.5_1_30" 0.00496614290309246
"12" "aE17.5_1_01" "aE17.5_2_23" 0.00506977252422914
"13" "aE17.5_1_01" "aE17.5_1_02" 0.00520899518097204
"14" "aE17.5_1_01" "aP0_1_14" 0.0053232230945971
"15" "aE17.5_1_01" "aP0_1_06" 0.00547258694708081
"16" "aE17.5_1_02" "aP0_1_18" 0.00156361268569782
"17" "aE17.5_1_02" "aE17.5_1_05" 0.00384668595385196
"18" "aE17.5_1_02" "aE17.5_1_06" 0.00487998988129106
"19" "aE17.5_1_02" "aE17.5_4_07" 0.00516133187282243
"20" "aE17.5_1_02" "aE17.5_4_05" 0.00537102062798561
"21" "aE17.5_1_02" "aE17.5_1_04" 0.0056237222557798
"22" "aE17.5_1_02" "aP0_3_01" 0.00616676645898123
"23" "aE17.5_1_02" "aE17.5_3_02" 0.00701914907260615
"24" "aE17.5_1_02" "aE17.5_3_08" 0.00729173794506742
"25" "aE17.5_1_02" "aE17.5_2_03" 0.00732987348869909
"26" "aE17.5_1_02" "aE17.5_2_02" 0.00765106227292999
"27" "aE17.5_1_02" "aE17.5_1_24" 0.00776976311137871
"28" "aE17.5_1_02" "aP0_1_13" 0.00785563656549595
"29" "aE17.5_1_02" "aE17.5_4_01" 0.00816670419628281
"30" "aE17.5_1_03" "aE17.5_2_23" 0.000945165385218744
"31" "aE17.5_1_03" "aE17.5_1_08" 0.00144644229253656
"32" "aE17.5_1_03" "aP0_1_06" 0.00152709996912773
"33" "aE17.5_1_03" "aE17.5_1_21" 0.0019466834588274
"34" "aE17.5_1_03" "aE17.5_3_08" 0.00229326581332264
"35" "aE17.5_1_03" "aE17.5_1_24" 0.00264410499764995
"36" "aE17.5_1_03" "aE17.5_2_13" 0.00333804111718274
"37" "aE17.5_1_03" "aE17.5_3_01" 0.00374078161237221
"38" "aE17.5_1_03" "aP0_3_07" 0.00375680431682528
"39" "aE17.5_1_03" "aP0_2_11" 0.00398744399717617
"40" "aE17.5_1_03" "aE17.5_1_20" 0.00402468652820643
"41" "aE17.5_1_03" "aP0_1_14" 0.00432759443706729
"42" "aE17.5_1_03" "aE17.5_1_30" 0.00469694954749118
"43" "aE17.5_1_03" "aP0_3_01" 0.00474227446817074
"44" "aE17.5_1_04" "aP0_3_08" 0.00577522566534376
"45" "aE17.5_1_04" "aP0_1_18" 0.00594900052624401
"46" "aE17.5_1_04" "aP0_1_21" 0.00784536485004077
"47" "aE17.5_1_01" "aE17.5_1_04" 0.00825986490344983
"48" "aE17.5_1_04" "aE17.5_2_04" 0.00910565294872966
"49" "aE17.5_1_04" "aE17.5_1_05" 0.00931812932396587
"50" "aE17.5_1_04" "aE17.5_1_06" 0.00935708703585713
"51" "aE17.5_1_04" "aE17.5_1_24" 0.00962500890704888
"52" "aE17.5_1_04" "aE17.5_4_05" 0.00971953627605477
"53" "aE17.5_1_04" "aE17.5_3_08" 0.00993537388124561
"54" "aE17.5_1_04" "aP0_1_14" 0.0102447302136993
"55" "aE17.5_1_04" "aE17.5_2_13" 0.0105849714810641
"56" "aE17.5_1_04" "aP0_3_01" 0.0106468302547615
"57" "aE17.5_1_04" "aE17.5_1_08" 0.0106979230799795
"58" "aE17.5_1_05" "aE17.5_4_07" 0.002453612627831
"59" "aE17.5_1_05" "aE17.5_1_06" 0.00268501390025021
"60" "aE17.5_1_05" "aE17.5_4_05" 0.00311678482562571
"61" "aE17.5_1_05" "aP0_3_01" 0.00342582418531162
"62" "aE17.5_1_05" "aP0_1_18" 0.00347984187043708
"63" "aE17.5_1_05" "aE17.5_3_05" 0.00483395925598035
"64" "aE17.5_1_05" "aE17.5_1_28" 0.00505319907349699
"65" "aE17.5_1_05" "aE17.5_1_30" 0.00515541295955757
"66" "aE17.5_1_05" "aE17.5_3_02" 0.00574757729224604
"67" "aE17.5_1_05" "aP0_1_13" 0.00589498488971142
"68" "aE17.5_1_05" "aE17.5_2_15" 0.00600902488865533
"69" "aE17.5_1_05" "aE17.5_2_03" 0.0060144132465438
"70" "aE17.5_1_05" "aE17.5_4_03" 0.0061074011530114
"71" "aE17.5_1_06" "aE17.5_4_05" 0.000510539472146841
"72" "aE17.5_1_06" "aP0_3_01" 0.00132370065603959
"73" "aE17.5_1_06" "aE17.5_1_30" 0.00356009810017079
"74" "aE17.5_1_06" "aE17.5_3_08" 0.00361127216516979
"75" "aE17.5_1_06" "aP0_1_18" 0.00363980592678252
"76" "aE17.5_1_06" "aE17.5_3_05" 0.00413261049973129
"77" "aE17.5_1_06" "aE17.5_1_08" 0.00450032363633724
"78" "aE17.5_1_06" "aE17.5_1_24" 0.00472864165334648
"79" "aE17.5_1_06" "aE17.5_4_07" 0.00503580260145903
"80" "aE17.5_1_06" "aE17.5_1_28" 0.00513215860386269
"81" "aE17.5_1_03" "aE17.5_1_06" 0.00531830411165476
"82" "aE17.5_1_06" "aE17.5_2_15" 0.00543152506780422
"83" "aE17.5_1_07" "aP0_3_03" 0.00293317355758173
"84" "aE17.5_1_07" "aP0_1_01" 0.00355508282421394
"85" "aE17.5_1_07" "aP0_2_06" 0.00365578721903336
"86" "aE17.5_1_07" "aE17.5_1_22" 0.00395453363331458
"87" "aE17.5_1_07" "aP0_1_02" 0.00422384105445822
"88" "aE17.5_1_07" "aP0_3_02" 0.00490232691629135
"89" "aE17.5_1_07" "aP0_1_10" 0.00499761688781597
"90" "aE17.5_1_07" "aE17.5_1_15" 0.00504035965342691
"91" "aE17.5_1_07" "aP0_2_02" 0.00564099956994523
"92" "aE17.5_1_07" "aP0_3_12" 0.00589356463493222
"93" "aE17.5_1_07" "aP0_2_04" 0.00597864343752163
"94" "aE17.5_1_07" "aP0_3_09" 0.00619921407469675
"95" "aE17.5_1_07" "aP0_1_03" 0.00621763341825828
"96" "aE17.5_1_07" "aP0_3_14" 0.00665199418364135
"97" "aE17.5_1_07" "aE17.5_1_10" 0.00674300163539966
"98" "aE17.5_1_08" "aE17.5_3_08" 0.000987704148968851
"99" "aE17.5_1_08" "aE17.5_1_24" 0.00128667506216388
"100" "aE17.5_1_08" "aE17.5_2_23" 0.00235808345686442
"101" "aE17.5_1_08" "aP0_1_06" 0.00241056189881351
"102" "aE17.5_1_08" "aE17.5_1_21" 0.00251190605623419
"103" "aE17.5_1_08" "aE17.5_2_13" 0.00272532827346571
"104" "aE17.5_1_08" "aP0_1_14" 0.0036318633078924
"105" "aE17.5_1_08" "aE17.5_4_05" 0.0041199360178534
"106" "aE17.5_1_08" "aP0_3_01" 0.00427113995672681
"107" "aE17.5_1_08" "aE17.5_1_30" 0.00491246256924698
"108" "aE17.5_1_08" "aE17.5_1_20" 0.00503060913083711
"109" "aE17.5_1_08" "aE17.5_3_01" 0.00514966518637367
"110" "aE17.5_1_09" "aE17.5_1_20" 0.00183644975070792
"111" "aE17.5_1_09" "aE17.5_1_17" 0.00309716634124304
"112" "aE17.5_1_09" "aE17.5_1_16" 0.00314228606005739
"113" "aE17.5_1_09" "aE17.5_2_15" 0.00330707457750651
"114" "aE17.5_1_09" "aE17.5_2_17" 0.003490298359995
"115" "aE17.5_1_09" "aE17.5_1_30" 0.00349636715286413
"116" "aE17.5_1_09" "aP0_2_08" 0.00351730565340687
"117" "aE17.5_1_09" "aE17.5_1_26" 0.00376711715841244
"118" "aE17.5_1_09" "aE17.5_2_19" 0.00381008524524425
"119" "aE17.5_1_09" "aE17.5_3_05" 0.00391339009569373
"120" "aE17.5_1_09" "aP0_2_11" 0.00410134369168008
"121" "aE17.5_1_09" "aP0_3_07" 0.00433508168995716
"122" "aE17.5_1_09" "aE17.5_1_29" 0.00443802843297757
"123" "aE17.5_1_09" "aE17.5_1_28" 0.00477779143440072
"124" "aE17.5_1_09" "aE17.5_1_10" 0.0050231560245088
"125" "aE17.5_1_10" "aE17.5_1_29" 0.000632425778067607
"126" "aE17.5_1_10" "aE17.5_1_12" 0.00139850445264035
"127" "aE17.5_1_10" "aE17.5_1_13" 0.00191477627772368
"128" "aE17.5_1_10" "aE17.5_1_15" 0.00193012005322466
"129" "aE17.5_1_10" "aP0_3_02" 0.00220945897430781
"130" "aE17.5_1_10" "aP0_1_02" 0.00255002678726922
"131" "aE17.5_1_10" "aE17.5_2_10" 0.00275035159788766
"132" "aE17.5_1_10" "aP0_2_11" 0.00275036746915186
"133" "aE17.5_1_10" "aP0_3_07" 0.00297686822054207
"134" "aE17.5_1_10" "aE17.5_3_01" 0.0035735137749749
"135" "aE17.5_1_10" "aP0_2_02" 0.00380383743971551
"136" "aE17.5_1_10" "aP0_1_03" 0.00385719350532418
"137" "aE17.5_1_10" "aP0_1_01" 0.0038590883732362
"138" "aE17.5_1_10" "aP0_3_03" 0.00400586909833082
"139" "aE17.5_1_10" "aE17.5_4_02" 0.00484207744853458
"140" "aE17.5_1_11" "aE17.5_1_19" 0.00128006745371799
"141" "aE17.5_1_11" "aE17.5_3_04" 0.00171138373955054
"142" "aE17.5_1_11" "aE17.5_1_25" 0.00231729271498929
"143" "aE17.5_1_11" "aE17.5_4_08" 0.00259484879680893
"144" "aE17.5_1_11" "aE17.5_2_11" 0.00357781698957373
"145" "aE17.5_1_11" "aE17.5_4_01" 0.00387168881806686
"146" "aE17.5_1_11" "aE17.5_3_07" 0.00408706010226797
"147" "aE17.5_1_11" "aE17.5_2_02" 0.00423689152572845
"148" "aE17.5_1_11" "aE17.5_2_03" 0.00497954085250802
"149" "aE17.5_1_11" "aE17.5_3_02" 0.00517218154189314
"150" "aE17.5_1_11" "aP0_1_13" 0.00579006230494863
"151" "aE17.5_1_11" "aE17.5_2_09" 0.00595739200431003
"152" "aE17.5_1_11" "aE17.5_2_06" 0.00615948017688901
"153" "aE17.5_1_11" "aE17.5_4_03" 0.00661442760446511
"154" "aE17.5_1_11" "aE17.5_2_14" 0.00842435030436584
"155" "aE17.5_1_12" "aE17.5_1_13" 0.00081111118596136
"156" "aE17.5_1_12" "aE17.5_2_10" 0.00144474043931931
"157" "aE17.5_1_12" "aE17.5_1_29" 0.00177937480501375
"158" "aE17.5_1_12" "aP0_1_03" 0.00279362534964201
"159" "aE17.5_1_12" "aP0_2_02" 0.00291391181221985
"160" "aE17.5_1_12" "aE17.5_1_15" 0.00292938150373991
"161" "aE17.5_1_12" "aP0_1_02" 0.00294015085372744
"162" "aE17.5_1_12" "aP0_2_11" 0.00294049828204166
"163" "aE17.5_1_12" "aP0_3_07" 0.00303619697247349
"164" "aE17.5_1_12" "aE17.5_3_01" 0.00304498435923265
"165" "aE17.5_1_12" "aP0_3_02" 0.0032425666840247
"166" "aE17.5_1_12" "aE17.5_4_02" 0.00352010270838137
"167" "aE17.5_1_12" "aP0_1_01" 0.00374962893976456
"168" "aE17.5_1_12" "aP0_3_03" 0.00417092307185138
"169" "aE17.5_1_13" "aE17.5_2_10" 0.00167809255350113
"170" "aE17.5_1_13" "aE17.5_1_29" 0.00207050351736958
"171" "aE17.5_1_13" "aE17.5_3_01" 0.00228285097267029
"172" "aE17.5_1_13" "aP0_2_11" 0.00248900759936423
"173" "aE17.5_1_13" "aP0_3_07" 0.002510081729173
"174" "aE17.5_1_13" "aP0_1_03" 0.00318097527063784
"175" "aE17.5_1_13" "aP0_2_02" 0.00342171760311711
"176" "aE17.5_1_13" "aE17.5_4_02" 0.00354022406630497
"177" "aE17.5_1_13" "aE17.5_1_15" 0.0036622003300089
"178" "aE17.5_1_13" "aP0_1_02" 0.00375077570026447
"179" "aE17.5_1_13" "aP0_3_02" 0.00397066981672764
"180" "aE17.5_1_13" "aP0_1_20" 0.00450380263504055
"181" "aE17.5_1_13" "aP0_1_01" 0.00451410727652809
"182" "aE17.5_1_14" "aE17.5_2_01" 0.00253409095617011
"183" "aE17.5_1_14" "aE17.5_1_26" 0.00404944588889599
"184" "aE17.5_1_14" "aE17.5_2_19" 0.00419437152972412
"185" "aE17.5_1_14" "aE17.5_2_17" 0.00456100359345418
"186" "aE17.5_1_14" "aE17.5_1_16" 0.00464425064139914
"187" "aE17.5_1_14" "aE17.5_1_17" 0.00474136925783459
"188" "aE17.5_1_14" "aE17.5_1_28" 0.00522672701331623
"189" "aE17.5_1_14" "aE17.5_2_15" 0.00561464967790885
"190" "aE17.5_1_14" "aE17.5_3_05" 0.00658777026152705
"191" "aE17.5_1_14" "aP0_2_08" 0.00683946201604227
"192" "aE17.5_1_14" "aE17.5_4_03" 0.00743435709252244
"193" "aE17.5_1_14" "aE17.5_2_06" 0.00760911411133437
"194" "aE17.5_1_09" "aE17.5_1_14" 0.00773119173655919
"195" "aE17.5_1_14" "aE17.5_1_30" 0.00808417016132469
"196" "aE17.5_1_14" "aP0_1_13" 0.00856736490255153
"197" "aE17.5_1_15" "aP0_3_02" 0.000314598694540088
"198" "aE17.5_1_15" "aP0_1_02" 0.00133796680859667
"199" "aE17.5_1_15" "aE17.5_1_29" 0.00231405015043824
"200" "aE17.5_1_15" "aP0_3_03" 0.00268291143917012
"201" "aE17.5_1_15" "aP0_1_01" 0.00292353543429877
"202" "aE17.5_1_15" "aE17.5_1_22" 0.00346040938369081
"203" "aE17.5_1_15" "aE17.5_2_10" 0.00380698084064274
"204" "aE17.5_1_15" "aP0_2_02" 0.0039781164037668
"205" "aE17.5_1_15" "aP0_1_03" 0.00429236324168568
"206" "aE17.5_1_15" "aP0_2_11" 0.00456451646927969
"207" "aE17.5_1_15" "aP0_3_07" 0.00482542766326474
"208" "aE17.5_1_16" "aE17.5_1_17" 0.000193153132398704
"209" "aE17.5_1_16" "aE17.5_2_19" 0.0008051627336713
"210" "aE17.5_1_16" "aE17.5_1_26" 0.00119910969424004
"211" "aE17.5_1_16" "aE17.5_2_17" 0.00158011554197599
"212" "aE17.5_1_16" "aE17.5_2_15" 0.00176652747885056
"213" "aE17.5_1_16" "aE17.5_1_28" 0.00275465377308848
"214" "aE17.5_1_16" "aE17.5_3_05" 0.00306826138754825
"215" "aE17.5_1_16" "aP0_2_08" 0.00385655937001604
"216" "aE17.5_1_16" "aE17.5_1_30" 0.00403397209130371
"217" "aE17.5_1_16" "aE17.5_1_20" 0.00452950274760651
"218" "aE17.5_1_16" "aP0_3_01" 0.00598796329941704
"219" "aE17.5_1_16" "aE17.5_4_05" 0.00690517927334195
"220" "aE17.5_1_16" "aE17.5_2_01" 0.00715049529020876
"221" "aE17.5_1_17" "aE17.5_2_19" 0.000752232603242472
"222" "aE17.5_1_17" "aE17.5_1_26" 0.00139093754527031
"223" "aE17.5_1_17" "aE17.5_2_15" 0.0015740562835164
"224" "aE17.5_1_17" "aE17.5_2_17" 0.00176632396488166
"225" "aE17.5_1_17" "aE17.5_1_28" 0.00259534642699391
"226" "aE17.5_1_17" "aE17.5_3_05" 0.0028754574169907
"227" "aE17.5_1_17" "aE17.5_1_30" 0.00385082505683177
"228" "aE17.5_1_17" "aP0_2_08" 0.00399331191113535
"229" "aE17.5_1_17" "aE17.5_1_20" 0.00442559010131965
"230" "aE17.5_1_17" "aP0_3_01" 0.00579567209832958
"231" "aE17.5_1_17" "aE17.5_4_05" 0.00671249069457742
"232" "aE17.5_1_06" "aE17.5_1_17" 0.00699595471375645
"233" "aE17.5_1_18" "aE17.5_4_04" 0.0122207339152787
"234" "aE17.5_1_18" "aP0_3_13" 0.0128747562336833
"235" "aE17.5_1_18" "aE17.5_4_06" 0.0141945017201237
"236" "aE17.5_1_18" "aE17.5_3_06" 0.016503784139405
"237" "aE17.5_1_18" "aP0_1_04" 0.0271225538401066
"238" "aE17.5_1_18" "aE17.5_2_18" 0.0289725971807919
"239" "aE17.5_1_18" "aP0_1_15" 0.0319559978818117
"240" "aE17.5_1_18" "aE17.5_2_20" 0.0322512996092716
"241" "aE17.5_1_18" "aE17.5_2_08" 0.032784797436528
"242" "aE17.5_1_18" "aP0_1_07" 0.0330154165351702
"243" "aE17.5_1_18" "aP0_1_09" 0.0345481450336958
"244" "aE17.5_1_18" "aP0_3_05" 0.0378391559850633
"245" "aE17.5_1_18" "aP0_1_12" 0.0385759408969001
"246" "aE17.5_1_18" "aE17.5_2_05" 0.0390150832757593
"247" "aE17.5_1_18" "aE17.5_2_07" 0.0397093278797098
"248" "aE17.5_1_19" "aE17.5_3_04" 0.000573539784598762
"249" "aE17.5_1_19" "aE17.5_1_25" 0.00239775314451443
"250" "aE17.5_1_19" "aE17.5_4_08" 0.00245164097550687
"251" "aE17.5_1_19" "aE17.5_2_02" 0.00299582563058755
"252" "aE17.5_1_19" "aE17.5_3_07" 0.00316559518054793
"253" "aE17.5_1_19" "aE17.5_4_01" 0.00329445038653128
"254" "aE17.5_1_19" "aE17.5_2_03" 0.00375226449694431
"255" "aE17.5_1_19" "aE17.5_3_02" 0.00392621056319216
"256" "aE17.5_1_19" "aE17.5_2_11" 0.00430049811962585
"257" "aE17.5_1_19" "aP0_1_13" 0.00465733151600826
"258" "aE17.5_1_19" "aE17.5_2_06" 0.00546596090998688
"259" "aE17.5_1_19" "aE17.5_4_03" 0.00557570669478446
"260" "aE17.5_1_19" "aE17.5_2_09" 0.00719774507060316
"261" "aE17.5_1_19" "aE17.5_4_07" 0.00734973799449441
"262" "aE17.5_1_20" "aE17.5_1_30" 0.00285039556334248
"263" "aE17.5_1_20" "aP0_2_11" 0.00298983856144652
"264" "aE17.5_1_20" "aP0_3_07" 0.00312001279609797
"265" "aE17.5_1_20" "aE17.5_2_23" 0.00327595200516228
"266" "aE17.5_1_20" "aE17.5_2_15" 0.00398367416686631
"267" "aE17.5_1_20" "aE17.5_3_05" 0.00399116930795787
"268" "aE17.5_1_20" "aE17.5_1_29" 0.0042437496574287
"269" "aE17.5_1_20" "aE17.5_3_01" 0.00436742376686811
"270" "aE17.5_1_20" "aP0_3_01" 0.00472245761771944
"271" "aE17.5_1_10" "aE17.5_1_20" 0.00487615530957608
"272" "aE17.5_1_20" "aE17.5_2_19" 0.00502192608155326
"273" "aE17.5_1_21" "aP0_1_06" 0.000592473148356178
"274" "aE17.5_1_21" "aE17.5_2_13" 0.00227431452753557
"275" "aE17.5_1_21" "aE17.5_2_23" 0.00237769882557027
"276" "aE17.5_1_21" "aE17.5_1_24" 0.00301498308943762
"277" "aE17.5_1_21" "aP0_1_14" 0.00315883894598809
"278" "aE17.5_1_21" "aE17.5_3_08" 0.00348731182884504
"279" "aE17.5_1_21" "aE17.5_3_01" 0.00358624390015668
"280" "aE17.5_1_21" "aP0_3_07" 0.00427507432288135
"281" "aE17.5_1_21" "aP0_2_11" 0.00458021500265811
"282" "aE17.5_1_21" "aP0_1_08" 0.0053010880751104
"283" "aE17.5_1_01" "aE17.5_1_21" 0.00551875074597366
"284" "aE17.5_1_20" "aE17.5_1_21" 0.00563367538417241
"285" "aE17.5_1_13" "aE17.5_1_21" 0.00583137917695152
"286" "aE17.5_1_22" "aP0_3_02" 0.00315206101991263
"287" "aE17.5_1_22" "aP0_1_02" 0.00387020660520411
"288" "aE17.5_1_22" "aP0_3_03" 0.00394939719661271
"289" "aE17.5_1_22" "aP0_1_01" 0.00472539734077138
"290" "aE17.5_1_22" "aP0_2_08" 0.00486485385669939
"291" "aE17.5_1_10" "aE17.5_1_22" 0.00532576108810104
"292" "aE17.5_1_22" "aE17.5_1_29" 0.0055569727888907
"293" "aE17.5_1_12" "aE17.5_1_22" 0.00638327307959531
"294" "aE17.5_1_22" "aP0_2_02" 0.00668601212217543
"295" "aE17.5_1_22" "aE17.5_2_10" 0.00709575717860926
"296" "aE17.5_1_13" "aE17.5_1_22" 0.00712239480356611
"297" "aE17.5_1_09" "aE17.5_1_22" 0.00715462039223252
"298" "aE17.5_1_22" "aP0_1_03" 0.00715898131656149
"299" "aE17.5_1_23" "aP0_2_07" 0.00167495159829661
"300" "aE17.5_1_23" "aP0_1_20" 0.00263511820143879
"301" "aE17.5_1_23" "aP0_3_14" 0.00271302066984112
"302" "aE17.5_1_23" "aP0_2_04" 0.00312634537191454
"303" "aE17.5_1_23" "aE17.5_4_02" 0.00345403405771163
"304" "aE17.5_1_23" "aP0_2_03" 0.00361585814661415
"305" "aE17.5_1_23" "aP0_3_11" 0.00389342616882116
"306" "aE17.5_1_23" "aP0_1_17" 0.0039301432759319
"307" "aE17.5_1_23" "aP0_1_03" 0.00433305217089599
"308" "aE17.5_1_23" "aP0_1_10" 0.00444141268607292
"309" "aE17.5_1_23" "aP0_2_02" 0.00459381073654243
"310" "aE17.5_1_23" "aE17.5_2_10" 0.00545366103289862
"311" "aE17.5_1_23" "aP0_2_05" 0.00547631075114946
"312" "aE17.5_1_23" "aP0_1_01" 0.00632505930076886
"313" "aE17.5_1_23" "aP0_1_19" 0.00667142508913471
"314" "aE17.5_1_24" "aE17.5_3_08" 0.00131629976181529
"315" "aE17.5_1_24" "aE17.5_2_13" 0.00211145345009054
"316" "aE17.5_1_24" "aP0_1_14" 0.00280070837209892
"317" "aE17.5_1_24" "aP0_1_06" 0.00315505462452507
"318" "aE17.5_1_24" "aE17.5_2_23" 0.00358565578772906
"319" "aE17.5_1_24" "aE17.5_4_05" 0.00445855218277632
"320" "aE17.5_1_24" "aP0_3_01" 0.00485153586316002
"321" "aE17.5_1_24" "aE17.5_1_30" 0.00591136283215068
"322" "aE17.5_1_24" "aE17.5_3_01" 0.00618483205240503
"323" "aE17.5_1_24" "aP0_1_18" 0.00621063483029409
"324" "aE17.5_1_25" "aE17.5_4_01" 0.00197223212734626
"325" "aE17.5_1_25" "aE17.5_3_04" 0.00216947822918775
"326" "aE17.5_1_25" "aE17.5_2_11" 0.0022801504661298
"327" "aE17.5_1_25" "aE17.5_4_08" 0.00470960745578607
"328" "aE17.5_1_25" "aE17.5_2_02" 0.00481573582112262
"329" "aE17.5_1_25" "aE17.5_3_07" 0.00548611472675041
"330" "aE17.5_1_25" "aE17.5_2_03" 0.00556575813002021
"331" "aE17.5_1_25" "aE17.5_3_02" 0.00564026091252958
"332" "aE17.5_1_25" "aE17.5_2_09" 0.0062587919704645
"333" "aE17.5_1_25" "aP0_1_13" 0.00668239940462841
"334" "aE17.5_1_25" "aE17.5_4_03" 0.00772455881010144
"335" "aE17.5_1_25" "aE17.5_2_06" 0.00784692705974536
"336" "aE17.5_1_25" "aE17.5_4_07" 0.00877450693844427
"337" "aE17.5_1_26" "aE17.5_2_17" 0.000678825184378456
"338" "aE17.5_1_26" "aE17.5_2_19" 0.00161218629823812
"339" "aE17.5_1_26" "aE17.5_2_15" 0.00295055350250397
"340" "aE17.5_1_26" "aP0_2_08" 0.00328121913641829
"341" "aE17.5_1_26" "aE17.5_1_28" 0.00374808604632738
"342" "aE17.5_1_26" "aE17.5_3_05" 0.00425271415133698
"343" "aE17.5_1_26" "aE17.5_1_30" 0.00521654091899126
"344" "aE17.5_1_20" "aE17.5_1_26" 0.00539024088855864
"345" "aE17.5_1_26" "aE17.5_2_01" 0.00644334339420833
"346" "aE17.5_1_26" "aP0_3_01" 0.00718651884722276
"347" "aE17.5_1_26" "aE17.5_1_29" 0.00775961210435257
"348" "aE17.5_1_27" "aE17.5_2_12" 0.00256720331115475
"349" "aE17.5_1_27" "aE17.5_2_05" 0.00268946636496335
"350" "aE17.5_1_27" "aP0_3_05" 0.00403188896222264
"351" "aE17.5_1_27" "aP0_1_21" 0.00745239256546367
"352" "aE17.5_1_27" "aP0_1_12" 0.00757643076794627
"353" "aE17.5_1_27" "aE17.5_2_08" 0.00762752250098585
"354" "aE17.5_1_27" "aP0_3_08" 0.0093067937674739
"355" "aE17.5_1_27" "aE17.5_3_03" 0.00957866460228337
"356" "aE17.5_1_27" "aE17.5_2_07" 0.0100478030510845
"357" "aE17.5_1_27" "aE17.5_2_22" 0.0112009503798879
"358" "aE17.5_1_27" "aP0_1_14" 0.0119659461747381
"359" "aE17.5_1_27" "aP0_2_09" 0.0125302782582485
"360" "aE17.5_1_27" "aE17.5_2_13" 0.012955184516381
"361" "aE17.5_1_04" "aE17.5_1_27" 0.0136277612430874
"362" "aE17.5_1_24" "aE17.5_1_27" 0.0143429515093863
"363" "aE17.5_1_28" "aE17.5_2_15" 0.00147479155524126
"364" "aE17.5_1_28" "aE17.5_3_05" 0.00153464459367373
"365" "aE17.5_1_28" "aE17.5_2_19" 0.00213592911321803
"366" "aE17.5_1_28" "aE17.5_1_30" 0.0031598677548014
"367" "aE17.5_1_28" "aP0_3_01" 0.00420296650739322
"368" "aE17.5_1_28" "aE17.5_2_17" 0.00429084380763918
"369" "aE17.5_1_28" "aE17.5_4_05" 0.00499675593086105
"370" "aE17.5_1_28" "aE17.5_4_07" 0.00524723704382289
"371" "aE17.5_1_29" "aP0_2_11" 0.00225239434942784
"372" "aE17.5_1_29" "aP0_3_07" 0.00251165159661199
"373" "aE17.5_1_29" "aP0_3_02" 0.00255275780871337
"374" "aE17.5_1_29" "aP0_1_02" 0.00311930855787054
"375" "aE17.5_1_29" "aE17.5_2_10" 0.00320953935939177
"376" "aE17.5_1_29" "aE17.5_3_01" 0.00330650728975092
"377" "aE17.5_1_29" "aP0_2_02" 0.00440025210369532
"378" "aE17.5_1_29" "aP0_1_03" 0.00441837254960751
"379" "aE17.5_1_29" "aP0_1_01" 0.00447903515002024
"380" "aE17.5_1_30" "aE17.5_3_05" 0.00162544267761756
"381" "aE17.5_1_30" "aP0_3_01" 0.00223836774859676
"382" "aE17.5_1_30" "aE17.5_2_15" 0.00249767383939514
"383" "aE17.5_1_30" "aE17.5_4_05" 0.00315235851967618
"384" "aE17.5_1_30" "aE17.5_2_19" 0.00405028288319035
"385" "aE17.5_1_30" "aE17.5_2_23" 0.00447012965593246
"386" "aE17.5_1_30" "aE17.5_3_08" 0.0046188346224411
"387" "aE17.5_2_01" "aE17.5_2_19" 0.00672760500304532
"388" "aE17.5_2_01" "aE17.5_2_17" 0.00686887492568418
"389" "aE17.5_1_17" "aE17.5_2_01" 0.00725718641536101
"390" "aE17.5_1_28" "aE17.5_2_01" 0.00764500701703983
"391" "aE17.5_2_01" "aE17.5_2_06" 0.00767047474163979
"392" "aE17.5_2_01" "aE17.5_2_15" 0.00813899055250272
"393" "aE17.5_2_01" "aE17.5_4_03" 0.00821270276941259
"394" "aE17.5_2_01" "aP0_2_08" 0.00885729924151047
"395" "aE17.5_2_01" "aE17.5_3_05" 0.00906560106331866
"396" "aE17.5_2_01" "aP0_1_13" 0.00938532516843817
"397" "aE17.5_2_01" "aE17.5_3_07" 0.0100254805096792
"398" "aE17.5_1_09" "aE17.5_2_01" 0.0101893953493247
"399" "aE17.5_2_02" "aE17.5_2_03" 0.000767064286156379
"400" "aE17.5_2_02" "aE17.5_3_02" 0.00093575070278521
"401" "aE17.5_2_02" "aE17.5_3_07" 0.00183864686854574
"402" "aE17.5_2_02" "aP0_1_13" 0.00190434220782216
"403" "aE17.5_2_02" "aE17.5_3_04" 0.00281202498975924
"404" "aE17.5_2_02" "aE17.5_4_03" 0.00303380553448964
"405" "aE17.5_2_02" "aE17.5_4_08" 0.00357865835874407
"406" "aE17.5_2_02" "aE17.5_2_06" 0.00400004628855271
"407" "aE17.5_2_02" "aE17.5_4_07" 0.00438994370028208
"408" "aE17.5_2_02" "aE17.5_4_01" 0.00444098411645289
"409" "aE17.5_1_05" "aE17.5_2_02" 0.00664779214874868
"410" "aE17.5_2_02" "aE17.5_2_11" 0.00703423979495429
"411" "aE17.5_2_03" "aE17.5_3_02" 0.000310835996230064
"412" "aE17.5_2_03" "aP0_1_13" 0.00126503221306319
"413" "aE17.5_2_03" "aE17.5_3_07" 0.00201115789059906
"414" "aE17.5_2_03" "aE17.5_4_03" 0.00243643993557576
"415" "aE17.5_2_03" "aE17.5_3_04" 0.00357908909434189
"416" "aE17.5_2_03" "aE17.5_4_07" 0.00369130402358672
"417" "aE17.5_2_03" "aE17.5_2_06" 0.00377368824780042
"418" "aE17.5_2_03" "aE17.5_4_08" 0.00408323634481443
"419" "aE17.5_2_03" "aE17.5_4_01" 0.00507328284527682
"420" "aE17.5_2_04" "aE17.5_2_07" 0.00727702255570175
"421" "aE17.5_2_04" "aP0_1_21" 0.00854125638130152
"422" "aE17.5_2_04" "aP0_3_08" 0.0129297300192242
"423" "aE17.5_2_04" "aE17.5_2_20" 0.0135469868696927
"424" "aE17.5_1_02" "aE17.5_2_04" 0.0141225701165418
"425" "aE17.5_2_04" "aP0_1_18" 0.0148613675044101
"426" "aE17.5_1_27" "aE17.5_2_04" 0.0158865973860596
"427" "aE17.5_2_04" "aE17.5_4_01" 0.0159515214415098
"428" "aE17.5_2_04" "aE17.5_2_08" 0.0166594496181307
"429" "aE17.5_2_04" "aE17.5_2_18" 0.0169168977543955
"430" "aE17.5_1_01" "aE17.5_2_04" 0.0173522210844657
"431" "aE17.5_2_04" "aE17.5_2_12" 0.01746817379805
"432" "aE17.5_1_25" "aE17.5_2_04" 0.0175443462322051
"433" "aE17.5_2_04" "aE17.5_2_11" 0.017879819789242
"434" "aE17.5_2_05" "aP0_3_05" 0.00151749951080972
"435" "aE17.5_2_05" "aE17.5_2_12" 0.00281009933232025
"436" "aE17.5_2_05" "aP0_1_12" 0.00490468076710972
"437" "aE17.5_2_05" "aE17.5_2_08" 0.00803374705230091
"438" "aE17.5_2_05" "aE17.5_2_22" 0.00915786307236694
"439" "aE17.5_2_05" "aE17.5_3_03" 0.00967602144065156
"440" "aE17.5_2_05" "aP0_1_21" 0.0101407191575038
"441" "aE17.5_2_05" "aP0_2_09" 0.0109404767495352
"442" "aE17.5_2_05" "aP0_3_08" 0.011357096672087
"443" "aE17.5_2_05" "aP0_1_09" 0.0120581558617595
"444" "aE17.5_2_05" "aE17.5_2_07" 0.0124712889902307
"445" "aE17.5_2_05" "aP0_1_14" 0.0130308708642938
"446" "aE17.5_2_05" "aP0_1_15" 0.0137339278872969
"447" "aE17.5_2_05" "aE17.5_2_13" 0.0139933599388357
"448" "aE17.5_2_06" "aE17.5_4_03" 0.00222568470857948
"449" "aE17.5_2_06" "aE17.5_3_07" 0.00243865445954464
"450" "aE17.5_2_06" "aP0_1_13" 0.00285129526864814
"451" "aE17.5_2_06" "aE17.5_4_08" 0.003758610575334
"452" "aE17.5_2_06" "aE17.5_3_02" 0.00403156885271529
"453" "aE17.5_2_06" "aE17.5_3_04" 0.00570366393742744
"454" "aE17.5_2_06" "aE17.5_4_07" 0.00592512439072776
"455" "aE17.5_2_06" "aE17.5_2_21" 0.00740238036426209
"456" "aE17.5_2_07" "aP0_1_21" 0.0047893350755506
"457" "aE17.5_2_07" "aE17.5_2_20" 0.00831548386324158
"458" "aE17.5_2_07" "aE17.5_2_08" 0.00938403701257066
"459" "aE17.5_2_07" "aE17.5_2_18" 0.0108412905094749
"460" "aE17.5_1_04" "aE17.5_2_07" 0.0113289384202413
"461" "aE17.5_2_07" "aP0_3_08" 0.011699143645334
"462" "aE17.5_2_07" "aE17.5_2_12" 0.012223906455259
"463" "aE17.5_2_07" "aP0_3_05" 0.0133490396089617
"464" "aE17.5_1_02" "aE17.5_2_07" 0.0169328036952409
"465" "aE17.5_2_07" "aP0_1_18" 0.0170147703371778
"466" "aE17.5_2_07" "aP0_1_14" 0.0170680038612152
"467" "aE17.5_2_07" "aP0_1_12" 0.0172605709957107
"468" "aE17.5_2_08" "aP0_3_05" 0.00774738330020501
"469" "aE17.5_2_08" "aE17.5_2_18" 0.00776780971828827
"470" "aE17.5_2_08" "aE17.5_2_20" 0.00904463130189013
"471" "aE17.5_2_08" "aE17.5_2_12" 0.00998881504940675
"472" "aE17.5_2_08" "aP0_1_21" 0.0105957753742841
"473" "aE17.5_2_08" "aP0_1_12" 0.0111260030019698
"474" "aE17.5_2_08" "aP0_1_04" 0.0140496347713178
"475" "aE17.5_2_08" "aP0_1_09" 0.0150617528091767
"476" "aE17.5_2_08" "aP0_1_15" 0.0153205474284617
"477" "aE17.5_2_08" "aP0_3_08" 0.0157487855785132
"478" "aE17.5_2_08" "aE17.5_3_06" 0.0164943592364352
"479" "aE17.5_2_09" "aE17.5_2_11" 0.00444382896682983
"480" "aE17.5_2_09" "aE17.5_2_14" 0.00464440382556525
"481" "aE17.5_2_09" "aE17.5_2_16" 0.00607412394430478
"482" "aE17.5_2_09" "aE17.5_3_04" 0.00748335731700048
"483" "aE17.5_2_09" "aE17.5_4_08" 0.00778771666150934
"484" "aE17.5_2_09" "aE17.5_4_01" 0.0081341902415078
"485" "aE17.5_2_09" "aE17.5_3_07" 0.0098734478556995
"486" "aE17.5_2_09" "aE17.5_2_21" 0.0101289707868067
"487" "aE17.5_2_02" "aE17.5_2_09" 0.0101885965195914
"488" "aE17.5_2_03" "aE17.5_2_09" 0.0109360175295843
"489" "aE17.5_2_09" "aE17.5_3_02" 0.0111219834124494
"490" "aE17.5_2_06" "aE17.5_2_09" 0.0115149870114544
"491" "aE17.5_2_10" "aP0_1_03" 0.00151401566934552
"492" "aE17.5_2_10" "aP0_2_02" 0.00183435104094333
"493" "aE17.5_2_10" "aE17.5_4_02" 0.0020931080725775
"494" "aE17.5_2_10" "aP0_3_14" 0.00313270321285268
"495" "aE17.5_2_10" "aP0_1_20" 0.00315676109271055
"496" "aE17.5_2_10" "aP0_1_02" 0.0032874507994783
"497" "aE17.5_2_10" "aP0_2_04" 0.00337985199515283
"498" "aE17.5_2_10" "aP0_1_01" 0.00344581560770324
"499" "aE17.5_2_10" "aE17.5_3_01" 0.00377034716634184
"500" "aE17.5_2_10" "aP0_3_03" 0.00409753451046393
"501" "aE17.5_2_11" "aE17.5_4_01" 0.00384016522744685
"502" "aE17.5_2_11" "aE17.5_3_04" 0.00426524804637202
"503" "aE17.5_2_11" "aE17.5_4_08" 0.00616584993248512
"504" "aE17.5_2_11" "aE17.5_3_07" 0.00746314023503821
"505" "aE17.5_2_03" "aE17.5_2_11" 0.00779484287671486
"506" "aE17.5_2_11" "aE17.5_3_02" 0.00788873005794029
"507" "aE17.5_2_11" "aE17.5_2_14" 0.00857467632666385
"508" "aE17.5_2_11" "aP0_1_13" 0.00885943865276827
"509" "aE17.5_2_11" "aE17.5_2_16" 0.00957062476001473
"510" "aE17.5_2_06" "aE17.5_2_11" 0.00969023984516369
"511" "aE17.5_2_12" "aP0_3_05" 0.00426154440249731
"512" "aE17.5_2_12" "aP0_1_12" 0.00664292504569198
"513" "aE17.5_2_12" "aE17.5_3_03" 0.00720880145318359
"514" "aE17.5_2_12" "aP0_3_08" 0.00876684707542847
"515" "aE17.5_2_12" "aP0_1_21" 0.00892840935211471
"516" "aE17.5_2_12" "aE17.5_2_22" 0.00903419118188101
"517" "aE17.5_2_12" "aP0_2_09" 0.0100866565749651
"518" "aE17.5_2_12" "aP0_1_14" 0.0102373632742569
"519" "aE17.5_2_12" "aE17.5_2_13" 0.0112058917125141
"520" "aE17.5_2_12" "aP0_1_08" 0.012114704237814
"521" "aE17.5_1_24" "aE17.5_2_12" 0.012822437618002
"522" "aE17.5_2_13" "aP0_1_14" 0.000990302693754508
"523" "aE17.5_2_13" "aP0_1_06" 0.00276858987286606
"524" "aE17.5_2_13" "aE17.5_3_08" 0.00330666536528418
"525" "aE17.5_2_13" "aE17.5_2_23" 0.00415991545468696
"526" "aE17.5_2_13" "aE17.5_3_03" 0.00562329815774737
"527" "aE17.5_2_13" "aE17.5_3_01" 0.00585827216344049
"528" "aE17.5_2_13" "aP0_1_08" 0.00630189954020794
"529" "aE17.5_2_13" "aP0_3_08" 0.00633118523049101
"530" "aE17.5_2_13" "aP0_3_07" 0.00650332767798845
"531" "aE17.5_2_13" "aE17.5_4_05" 0.00655061678342154
"532" "aE17.5_2_14" "aE17.5_2_16" 0.00175151676950347
"533" "aE17.5_2_14" "aE17.5_2_21" 0.00772744656679661
"534" "aE17.5_2_14" "aE17.5_4_08" 0.00900021917111349
"535" "aE17.5_1_19" "aE17.5_2_14" 0.00965860192364504
"536" "aE17.5_1_25" "aE17.5_2_14" 0.00975273374186087
"537" "aE17.5_2_14" "aE17.5_3_04" 0.0101350195029548
"538" "aE17.5_2_14" "aE17.5_3_07" 0.0113286303979617
"539" "aE17.5_2_14" "aE17.5_4_01" 0.0117240206453021
"540" "aE17.5_2_06" "aE17.5_2_14" 0.0121203466229807
"541" "aE17.5_2_02" "aE17.5_2_14" 0.0123181054553786
"542" "aE17.5_2_03" "aE17.5_2_14" 0.0129560934066112
"543" "aE17.5_2_14" "aE17.5_3_02" 0.0132159145923651
"544" "aE17.5_2_15" "aE17.5_3_05" 0.00130266201933593
"545" "aE17.5_2_15" "aE17.5_2_19" 0.00157135721620335
"546" "aE17.5_2_15" "aE17.5_2_17" 0.00332905998754788
"547" "aE17.5_2_15" "aP0_3_01" 0.00425837900867652
"548" "aE17.5_2_15" "aE17.5_4_05" 0.00516444186381883
"549" "aE17.5_2_15" "aP0_2_08" 0.005311908159729
"550" "aE17.5_2_16" "aE17.5_2_21" 0.00630299356799101
"551" "aE17.5_1_11" "aE17.5_2_16" 0.0087728300694832
"552" "aE17.5_2_16" "aE17.5_4_08" 0.00883434093869643
"553" "aE17.5_1_19" "aE17.5_2_16" 0.00992174698549801
"554" "aE17.5_1_25" "aE17.5_2_16" 0.0104200676216268
"555" "aE17.5_2_16" "aE17.5_3_04" 0.0104458771169119
"556" "aE17.5_2_16" "aE17.5_3_07" 0.0111207637876942
"557" "aE17.5_2_06" "aE17.5_2_16" 0.0115628129803748
"558" "aE17.5_2_02" "aE17.5_2_16" 0.0123290844034134
"559" "aE17.5_2_16" "aE17.5_4_01" 0.0123609067536751
"560" "aE17.5_2_03" "aE17.5_2_16" 0.0129019855853098
"561" "aE17.5_2_16" "aP0_1_13" 0.0131222422004956
"562" "aE17.5_2_17" "aE17.5_2_19" 0.00217827643146264
"563" "aE17.5_2_17" "aP0_2_08" 0.00260278387924736
"564" "aE17.5_2_17" "aE17.5_3_05" 0.00462165017509416
"565" "aE17.5_1_20" "aE17.5_2_17" 0.00522129373925731
"566" "aE17.5_1_30" "aE17.5_2_17" 0.00541191021954077
"567" "aE17.5_1_29" "aE17.5_2_17" 0.00725662461027836
"568" "aE17.5_2_17" "aP0_3_02" 0.00745230821304513
"569" "aE17.5_2_18" "aE17.5_2_20" 0.00373488008110371
"570" "aE17.5_2_18" "aE17.5_3_06" 0.012683427019107
"571" "aE17.5_2_18" "aP0_1_21" 0.0146366725275957
"572" "aE17.5_1_27" "aE17.5_2_18" 0.0148474990683202
"573" "aE17.5_2_18" "aP0_3_05" 0.0155151500140655
"574" "aE17.5_2_05" "aE17.5_2_18" 0.015727385714418
"575" "aE17.5_2_12" "aE17.5_2_18" 0.0173732596803729
"576" "aE17.5_2_18" "aP0_1_04" 0.0181201704440657
"577" "aE17.5_2_18" "aP0_1_12" 0.0187915421360613
"578" "aE17.5_2_18" "aE17.5_4_04" 0.0190248328119743
"579" "aE17.5_2_18" "aP0_1_15" 0.0209999147227665
"580" "aE17.5_2_18" "aP0_3_08" 0.0212155230329095
"581" "aE17.5_2_19" "aE17.5_3_05" 0.0028103945116963
"582" "aE17.5_2_19" "aP0_2_08" 0.00461545866492978
"583" "aE17.5_2_19" "aP0_3_01" 0.00579949268946603
"584" "aE17.5_2_19" "aE17.5_4_05" 0.00669032272754207
"585" "aE17.5_2_20" "aP0_1_21" 0.0127420884147659
"586" "aE17.5_1_27" "aE17.5_2_20" 0.0148139183295008
"587" "aE17.5_2_20" "aE17.5_3_06" 0.0161991272717582
"588" "aE17.5_2_05" "aE17.5_2_20" 0.0162782409700884
"589" "aE17.5_2_20" "aP0_3_05" 0.0164138192187016
"590" "aE17.5_2_12" "aE17.5_2_20" 0.0173774795354662
"591" "aE17.5_1_04" "aE17.5_2_20" 0.0196169119665542
"592" "aE17.5_2_20" "aP0_3_08" 0.0196293651908071
"593" "aE17.5_2_20" "aP0_1_12" 0.0200604270639211
"594" "aE17.5_2_20" "aP0_1_04" 0.021276109621226
"595" "aE17.5_2_20" "aE17.5_4_04" 0.0217137696889289
"596" "aE17.5_2_21" "aE17.5_4_08" 0.00682017534634642
"597" "aE17.5_2_21" "aE17.5_3_07" 0.00830575223119069
"598" "aE17.5_1_11" "aE17.5_2_21" 0.00858893686503215
"599" "aE17.5_1_19" "aE17.5_2_21" 0.00909647827172017
"600" "aE17.5_2_21" "aE17.5_4_03" 0.00960092690017094
"601" "aE17.5_2_21" "aE17.5_3_04" 0.00965447587650867
"602" "aE17.5_2_21" "aP0_1_13" 0.00991749793464291
"603" "aE17.5_2_02" "aE17.5_2_21" 0.010068204684132
"604" "aE17.5_2_03" "aE17.5_2_21" 0.0103126851338771
"605" "aE17.5_2_21" "aE17.5_3_02" 0.0106231228272311
"606" "aE17.5_1_25" "aE17.5_2_21" 0.0108916747535328
"607" "aE17.5_3_01" "aP0_3_07" 0.00138013519908216
"608" "aE17.5_3_01" "aP0_2_11" 0.00165833188178298
"609" "aE17.5_3_01" "aE17.5_2_23" 0.00301619050295279
"610" "aE17.5_3_01" "aP0_1_06" 0.00316047445768103
"611" "aE17.5_3_01" "aE17.5_4_02" 0.00511183693547782
"612" "aE17.5_3_01" "aP0_1_03" 0.00526326687482384
"613" "aE17.5_3_02" "aP0_1_13" 0.00139577384399112
"614" "aE17.5_3_02" "aE17.5_3_07" 0.00232198768860786
"615" "aE17.5_3_02" "aE17.5_4_03" 0.00256259559832685
"616" "aE17.5_3_02" "aE17.5_4_07" 0.00345785798726582
"617" "aE17.5_3_02" "aE17.5_3_04" 0.00371412052480416
"618" "aE17.5_3_02" "aE17.5_4_08" 0.00437343934398048
"619" "aE17.5_3_02" "aE17.5_4_01" 0.00503735278669079
"620" "aE17.5_3_03" "aP0_1_14" 0.00497104068271084
"621" "aE17.5_3_03" "aP0_1_08" 0.00499077353985069
"622" "aE17.5_1_21" "aE17.5_3_03" 0.00653064432599519
"623" "aE17.5_3_03" "aP0_1_06" 0.00709165844378444
"624" "aE17.5_3_03" "aP0_2_09" 0.00728658461997963
"625" "aE17.5_1_24" "aE17.5_3_03" 0.0077113649778831
"626" "aE17.5_3_03" "aP0_1_19" 0.00781644024452728
"627" "aE17.5_3_03" "aP0_3_08" 0.00806622168616609
"628" "aE17.5_1_08" "aE17.5_3_03" 0.00826556064090076
"629" "aE17.5_1_03" "aE17.5_3_03" 0.00839698797524586
"630" "aE17.5_3_03" "aE17.5_2_22" 0.00860813004587879
"631" "aE17.5_3_01" "aE17.5_3_03" 0.00887494275074647
"632" "aE17.5_3_03" "aE17.5_2_23" 0.00890460515734386
"633" "aE17.5_3_04" "aE17.5_4_01" 0.00277871060511092
"634" "aE17.5_3_04" "aE17.5_4_08" 0.00295146476369577
"635" "aE17.5_3_04" "aE17.5_3_07" 0.00331940489735381
"636" "aE17.5_3_04" "aP0_1_13" 0.00459594644742548
"637" "aE17.5_3_04" "aE17.5_4_03" 0.00559064033740917
"638" "aE17.5_3_04" "aE17.5_4_07" 0.00707293390303186
"639" "aE17.5_3_05" "aP0_3_01" 0.00299062071322101
"640" "aE17.5_3_05" "aE17.5_4_05" 0.00388086366519776
"641" "aE17.5_3_05" "aE17.5_4_07" 0.00572976118021866
"642" "aE17.5_3_06" "aE17.5_4_04" 0.00930567170270094
"643" "aE17.5_3_06" "aE17.5_4_06" 0.0137759420896746
"644" "aE17.5_3_06" "aP0_3_13" 0.0145642500852415
"645" "aE17.5_3_06" "aP0_1_04" 0.0156209944331181
"646" "aE17.5_3_06" "aP0_1_15" 0.0204356497302749
"647" "aE17.5_3_06" "aP0_1_09" 0.0223821264549266
"648" "aE17.5_3_06" "aP0_3_05" 0.0224512890395743
"649" "aE17.5_2_07" "aE17.5_3_06" 0.0232597654845463
"650" "aE17.5_2_05" "aE17.5_3_06" 0.023422672292595
"651" "aE17.5_1_27" "aE17.5_3_06" 0.0238843129197228
"652" "aE17.5_3_06" "aP0_1_12" 0.0240583750160631
"653" "aE17.5_3_07" "aP0_1_13" 0.00201299077528535
"654" "aE17.5_3_07" "aE17.5_4_08" 0.0023287322568322
"655" "aE17.5_3_07" "aE17.5_4_03" 0.00256670932975825
"656" "aE17.5_3_07" "aE17.5_4_07" 0.00539981890684326
"657" "aE17.5_3_07" "aE17.5_4_01" 0.00571152246168485
"658" "aE17.5_1_05" "aE17.5_3_07" 0.00782506311553686
"659" "aE17.5_3_08" "aE17.5_2_23" 0.00311014728909877
"660" "aE17.5_3_08" "aE17.5_4_05" 0.00327541093816745
"661" "aE17.5_3_08" "aP0_1_06" 0.00339734016335362
"662" "aE17.5_3_08" "aP0_3_01" 0.00357188057554281
"663" "aE17.5_3_08" "aP0_1_14" 0.00408793683051432
"664" "aE17.5_1_20" "aE17.5_3_08" 0.00529876870358011
"665" "aE17.5_3_08" "aP0_1_18" 0.00573717012829843
"666" "aP0_1_01" "aP0_3_03" 0.000826309169316931
"667" "aP0_1_01" "aP0_1_02" 0.00158774283014527
"668" "aP0_1_01" "aP0_2_02" 0.00219301919690794
"669" "aP0_1_01" "aP0_1_03" 0.00275557846767073
"670" "aP0_1_01" "aP0_3_02" 0.00302559579427021
"671" "aP0_1_01" "aP0_2_04" 0.00320098306341458
"672" "aP0_1_01" "aP0_3_14" 0.00368669553197305
"673" "aP0_1_01" "aP0_1_10" 0.00406887893899335
"674" "aP0_1_01" "aE17.5_4_02" 0.00436289845810974
"675" "aP0_1_02" "aP0_3_02" 0.00146815309006181
"676" "aP0_1_02" "aP0_3_03" 0.00147823266049239
"677" "aP0_1_02" "aP0_2_02" 0.00290319207932574
"678" "aP0_1_02" "aP0_1_03" 0.00332375577688954
"679" "aP0_1_02" "aP0_2_04" 0.00442152883811115
"680" "aP0_1_02" "aP0_3_14" 0.0047392667393529
"681" "aP0_1_03" "aP0_2_02" 0.000576634669203533
"682" "aP0_1_03" "aE17.5_4_02" 0.00161637607244
"683" "aP0_1_03" "aP0_3_14" 0.00174231631079606
"684" "aP0_1_03" "aP0_2_04" 0.00187611355991134
"685" "aP0_1_03" "aP0_1_20" 0.00258964488981859
"686" "aP0_1_03" "aP0_3_03" 0.00355491463158678
"687" "aP0_1_03" "aP0_2_07" 0.00366321863396907
"688" "aP0_1_04" "aP0_1_15" 0.00499302543166856
"689" "aP0_1_04" "aP0_1_09" 0.00743723429655976
"690" "aP0_1_04" "aP0_1_12" 0.012656172015769
"691" "aP0_1_04" "aP0_3_05" 0.0137098928871011
"692" "aP0_1_04" "aP0_1_11" 0.0149871304290336
"693" "aE17.5_2_05" "aP0_1_04" 0.0152128370554709
"694" "aP0_1_04" "aP0_3_13" 0.0166166201557522
"695" "aE17.5_1_27" "aP0_1_04" 0.0173019578597085
"696" "aP0_1_04" "aE17.5_2_22" 0.0174653473065644
"697" "aE17.5_2_12" "aP0_1_04" 0.0179574772580736
"698" "aP0_1_04" "aP0_1_07" 0.0199880452050048
"699" "aP0_1_04" "aP0_2_09" 0.0204159289491963
"700" "aP0_1_05" "aP0_2_13" 0.0071059845103974
"701" "aP0_1_05" "aP0_2_12" 0.00904296402250515
"702" "aP0_1_05" "aP0_3_16" 0.00981664627637587
"703" "aP0_1_05" "aP0_1_17" 0.00982805148562139
"704" "aP0_1_05" "aP0_2_05" 0.0101473396364531
"705" "aP0_1_05" "aP0_2_14" 0.0111481125373487
"706" "aP0_1_05" "aP0_3_10" 0.0113866720204257
"707" "aP0_1_05" "aP0_2_01" 0.0121460061527053
"708" "aP0_1_05" "aP0_3_11" 0.0125925608619194
"709" "aP0_1_05" "aP0_2_03" 0.0132392206726594
"710" "aP0_1_05" "aP0_3_04" 0.0134148609016452
"711" "aP0_1_05" "aP0_1_19" 0.0134884763083918
"712" "aE17.5_1_23" "aP0_1_05" 0.013728303456972
"713" "aP0_1_05" "aP0_3_06" 0.0138617346098129
"714" "aP0_1_05" "aP0_2_07" 0.0143355098916375
"715" "aP0_1_06" "aE17.5_2_23" 0.00181487151809601
"716" "aP0_1_06" "aP0_1_14" 0.00369308883604748
"717" "aP0_1_06" "aP0_3_07" 0.00373730487301907
"718" "aP0_1_06" "aP0_2_11" 0.00403615848848137
"719" "aE17.5_1_20" "aP0_1_06" 0.0050515816333265
"720" "aE17.5_1_13" "aP0_1_06" 0.0054352736752926
"721" "aP0_1_06" "aP0_1_08" 0.00554924547952462
"722" "aP0_1_07" "aP0_1_16" 0.0191324291511465
"723" "aP0_1_07" "aP0_1_15" 0.0194465840245204
"724" "aP0_1_07" "aP0_3_13" 0.0205090273369783
"725" "aP0_1_07" "aP0_1_09" 0.0211762788793543
"726" "aP0_1_07" "aP0_1_11" 0.0230364667346516
"727" "aP0_1_07" "aP15_1_21" 0.0240662538120198
"728" "aP0_1_07" "aP0_1_12" 0.0288702611276685
"729" "aP0_1_07" "aE17.5_2_22" 0.0304340259036672
"730" "aP0_1_07" "aP9_4_11" 0.0304729525997156
"731" "aP0_1_07" "aP9_2_04" 0.0308260941009529
"732" "aP0_1_07" "aP9_4_10" 0.0308625557433137
"733" "aE17.5_3_06" "aP0_1_07" 0.0310718479873397
"734" "aP0_1_07" "aP0_3_05" 0.0316680331010174
"735" "aP0_1_07" "aP0_2_09" 0.032775294014714
"736" "aP0_1_08" "aP0_1_20" 0.00495176912675234
"737" "aP0_1_08" "aE17.5_4_02" 0.0053111707647519
"738" "aE17.5_3_01" "aP0_1_08" 0.00535961413255371
"739" "aP0_1_08" "aP0_1_19" 0.00587701015290833
"740" "aE17.5_1_13" "aP0_1_08" 0.0060831962567842
"741" "aE17.5_2_10" "aP0_1_08" 0.00610807764838392
"742" "aP0_1_08" "aP0_1_14" 0.00644648516271315
"743" "aP0_1_03" "aP0_1_08" 0.00673943814631725
"744" "aP0_1_08" "aP0_3_07" 0.00673974016966053
"745" "aE17.5_1_12" "aP0_1_08" 0.00674330364781933
"746" "aE17.5_1_23" "aP0_1_08" 0.00679597354055292
"747" "aP0_1_09" "aP0_1_15" 0.00276484350899622
"748" "aP0_1_09" "aP0_1_11" 0.00768324938368215
"749" "aP0_1_09" "aP0_1_12" 0.00770798198506085
"750" "aP0_1_09" "aP0_3_05" 0.0106581070429984
"751" "aP0_1_09" "aE17.5_2_22" 0.0107627323436728
"752" "aP0_1_09" "aP0_2_09" 0.0136432191678054
"753" "aE17.5_2_12" "aP0_1_09" 0.0142632875875743
"754" "aE17.5_1_27" "aP0_1_09" 0.0146882733214269
"755" "aP0_1_09" "aP0_1_19" 0.0173057398639268
"756" "aP0_1_09" "aP0_1_16" 0.0176243635721358
"757" "aE17.5_3_03" "aP0_1_09" 0.0182132735216221
"758" "aP0_1_08" "aP0_1_09" 0.0211283600663456
"759" "aP0_1_10" "aP0_2_03" 0.00213370845769668
"760" "aP0_1_10" "aP0_3_11" 0.00276304528180681
"761" "aP0_1_10" "aP0_2_04" 0.00277220972008348
"762" "aP0_1_10" "aP0_2_07" 0.00277647267505499
"763" "aP0_1_10" "aP0_2_06" 0.00306198127970716
"764" "aP0_1_10" "aP0_3_14" 0.00340554249314905
"765" "aP0_1_10" "aP0_3_12" 0.00376018667113703
"766" "aP0_1_10" "aP0_2_02" 0.00411314688514967
"767" "aP0_1_03" "aP0_1_10" 0.00443697748418921
"768" "aP0_1_10" "aP0_3_03" 0.0045183841536658
"769" "aP0_1_10" "aE17.5_4_02" 0.00517881761515927
"770" "aP0_1_10" "aP0_2_05" 0.0052754303604639
"771" "aP0_1_11" "aE17.5_2_22" 0.00807654664125305
"772" "aP0_1_11" "aP0_2_09" 0.00990429732973008
"773" "aP0_1_11" "aP0_1_15" 0.0100164828838818
"774" "aP0_1_11" "aP0_1_12" 0.0100850118286172
"775" "aP0_1_11" "aP0_1_16" 0.0122540080153473
"776" "aP0_1_11" "aP0_1_19" 0.0125545059348248
"777" "aP0_1_11" "aP0_3_05" 0.0140126075810091
"778" "aE17.5_2_05" "aP0_1_11" 0.0148920830915299
"779" "aP0_1_05" "aP0_1_11" 0.0149170999961043
"780" "aE17.5_2_12" "aP0_1_11" 0.0159338584004461
"781" "aP0_1_11" "aP0_1_17" 0.0160884970255879
"782" "aE17.5_3_03" "aP0_1_11" 0.0166665734687357
"783" "aP0_1_11" "aP0_2_13" 0.0167694631645165
"784" "aP0_1_12" "aP0_3_05" 0.00392827961661471
"785" "aP0_1_12" "aE17.5_2_22" 0.00606071754793574
"786" "aP0_1_12" "aP0_2_09" 0.00873607879765276
"787" "aP0_1_12" "aP0_1_15" 0.00987844272785454
"788" "aE17.5_3_03" "aP0_1_12" 0.0109916482296115
"789" "aP0_1_12" "aP0_1_19" 0.012545343734728
"790" "aP0_1_08" "aP0_1_12" 0.0147311918292839
"791" "aP0_1_12" "aP0_1_21" 0.0150224309268136
"792" "aP0_1_13" "aE17.5_4_03" 0.00117303018131663
"793" "aP0_1_13" "aE17.5_4_07" 0.00344508157976515
"794" "aP0_1_13" "aE17.5_4_08" 0.00434017016342032
"795" "aP0_1_13" "aE17.5_4_01" 0.00632214246857816
"796" "aE17.5_1_28" "aP0_1_13" 0.00728712220408189
"797" "aP0_1_14" "aE17.5_2_23" 0.00514759244538732
"798" "aP0_1_14" "aP0_3_08" 0.00560581777167318
"799" "aE17.5_3_01" "aP0_1_14" 0.00670311985702791
"800" "aP0_1_14" "aE17.5_4_05" 0.00724497833565994
"801" "aP0_1_14" "aP0_3_07" 0.00742766063862581
"802" "aP0_1_15" "aP0_3_05" 0.0122503543077394
"803" "aP0_1_15" "aE17.5_2_22" 0.0134881280490134
"804" "aE17.5_2_12" "aP0_1_15" 0.0161752375264759
"805" "aE17.5_1_27" "aP0_1_15" 0.0162415791093965
"806" "aP0_1_15" "aP0_2_09" 0.0163866004937396
"807" "aP0_1_15" "aP0_1_16" 0.0186004920930318
"808" "aP0_1_15" "aP0_1_19" 0.0200665948569143
"809" "aP0_1_05" "aP0_1_16" 0.0145603224360651
"810" "aP0_1_16" "aE17.5_2_22" 0.0197235399334686
"811" "aP0_1_16" "aP0_2_13" 0.0205925288112471
"812" "aP0_1_16" "aP0_2_09" 0.020593653507986
"813" "aP0_1_16" "aP9_4_14" 0.0215652592417738
"814" "aP0_1_16" "aP0_1_19" 0.0216963488899241
"815" "aP0_1_16" "aP0_1_17" 0.021950367968748
"816" "aP0_1_16" "aP0_3_16" 0.0222015780031898
"817" "aP0_1_12" "aP0_1_16" 0.0222818171578092
"818" "aP0_1_16" "aP9_4_11" 0.0228430982918558
"819" "aP0_1_04" "aP0_1_16" 0.0230343268329895
"820" "aP0_1_17" "aP0_2_13" 0.00340662598419396
"821" "aP0_1_17" "aP0_2_05" 0.00392737278720866
"822" "aP0_1_17" "aP0_3_11" 0.00454612468725316
"823" "aP0_1_17" "aP0_2_07" 0.00485882606652976
"824" "aP0_1_17" "aP0_2_03" 0.00488842640831261
"825" "aP0_1_17" "aP0_2_12" 0.00633602628994789
"826" "aP0_1_17" "aP0_1_19" 0.00633865648499345
"827" "aP0_1_17" "aP0_1_20" 0.00643387517337781
"828" "aP0_1_17" "aP0_3_14" 0.00653633969292196
"829" "aP0_1_17" "aP0_2_04" 0.00677469388681189
"830" "aP0_1_10" "aP0_1_17" 0.00682433789417781
"831" "aP0_1_17" "aE17.5_4_02" 0.00735625729062575
"832" "aP0_1_03" "aP0_1_17" 0.00823052772590966
"833" "aP0_1_17" "aP0_2_02" 0.00843292294342838
"834" "aP0_1_18" "aE17.5_4_05" 0.00409124176218443
"835" "aP0_1_18" "aP0_3_01" 0.00496271952699402
"836" "aP0_1_18" "aE17.5_4_07" 0.00543535648693931
"837" "aE17.5_1_08" "aP0_1_18" 0.00671489887714679
"838" "aE17.5_1_30" "aP0_1_18" 0.00719362653925667
"839" "aP0_1_18" "aP0_3_08" 0.00752578821471665
"840" "aE17.5_3_05" "aP0_1_18" 0.00754798093608955
"841" "aE17.5_3_02" "aP0_1_18" 0.00791067607310042
"842" "aP0_1_19" "aP0_2_09" 0.00385763988698072
"843" "aP0_1_19" "aE17.5_2_22" 0.00678496649169428
"844" "aP0_1_19" "aP0_1_20" 0.0071182144390229
"845" "aP0_1_19" "aE17.5_4_02" 0.00813330587349278
"846" "aP0_1_19" "aP0_2_07" 0.00834567605271645
"847" "aP0_1_19" "aP0_3_14" 0.00875204463790216
"848" "aP0_1_19" "aP0_2_13" 0.00925731461674109
"849" "aP0_1_19" "aP0_2_04" 0.00940195381366551
"850" "aP0_1_03" "aP0_1_19" 0.00970710893998681
"851" "aP0_1_19" "aP0_2_03" 0.0099353414240185
"852" "aP0_1_19" "aP0_3_11" 0.0099404146403497
"853" "aP0_1_20" "aE17.5_4_02" 0.00108132506333173
"854" "aP0_1_20" "aP0_3_14" 0.00202058727156575
"855" "aP0_1_20" "aP0_2_04" 0.00274560716825146
"856" "aP0_1_20" "aP0_2_02" 0.00309307190387344
"857" "aP0_1_20" "aP0_2_07" 0.0031080971623813
"858" "aE17.5_1_12" "aP0_1_20" 0.00456284165380655
"859" "aP0_1_01" "aP0_1_20" 0.00525693934290901
"860" "aP0_1_10" "aP0_1_20" 0.00533427102002639
"861" "aP0_1_20" "aP0_2_03" 0.00550812062949698
"862" "aE17.5_3_01" "aP0_1_20" 0.00582476037406992
"863" "aP0_1_21" "aP0_3_08" 0.00694343763281883
"864" "aP0_1_21" "aP0_3_05" 0.0114031343496937
"865" "aP0_1_14" "aP0_1_21" 0.0122804243766972
"866" "aE17.5_3_03" "aP0_1_21" 0.01292093869029
"867" "aP0_1_18" "aP0_1_21" 0.012931127793033
"868" "aE17.5_2_13" "aP0_1_21" 0.013121995714046
"869" "aE17.5_1_02" "aP0_1_21" 0.013134206285405
"870" "aP0_2_01" "aP0_3_16" 0.00239121187280579
"871" "aP0_2_01" "aP15_1_08" 0.00310661369607399
"872" "aP0_2_01" "aP0_3_10" 0.00745118463849863
"873" "aP0_2_01" "aP0_2_14" 0.00746289370305036
"874" "aP0_2_01" "aP0_3_04" 0.00824998320681498
"875" "aP0_2_01" "aP0_3_06" 0.00867129080619128
"876" "aP0_2_01" "aP0_3_15" 0.0114113842740959
"877" "aP0_2_01" "aP9_2_09" 0.0116771058403096
"878" "aP0_2_01" "aP0_2_12" 0.0118928403394583
"879" "aP0_2_01" "aP15_1_14" 0.0121497123748244
"880" "aP0_2_01" "aP0_2_10" 0.0127314691092876
"881" "aP0_2_01" "aP15_1_02" 0.0137363852888614
"882" "aP0_2_01" "aP9_2_08" 0.0139563576449967
"883" "aP0_2_01" "aP0_2_13" 0.0142107337949432
"884" "aP0_2_02" "aP0_2_04" 0.00180338908638827
"885" "aP0_2_02" "aP0_3_14" 0.00189785818545366
"886" "aP0_2_02" "aE17.5_4_02" 0.00216989026312587
"887" "aP0_2_02" "aP0_3_03" 0.00300203677893399
"888" "aP0_2_02" "aP0_2_07" 0.00372138702282381
"889" "aP0_2_03" "aP0_3_11" 0.000685701713541737
"890" "aP0_2_03" "aP0_2_07" 0.00240087706927962
"891" "aP0_2_03" "aP0_2_05" 0.00324969754264548
"892" "aP0_2_03" "aP0_2_04" 0.00372661711080167
"893" "aP0_2_03" "aP0_3_14" 0.00406186372477475
"894" "aP0_2_03" "aP0_3_12" 0.00406680072231613
"895" "aP0_2_03" "aP0_2_06" 0.00449902358944084
"896" "aP0_2_02" "aP0_2_03" 0.00546530542787473
"897" "aP0_1_03" "aP0_2_03" 0.0056025985686904
"898" "aP0_2_03" "aE17.5_4_02" 0.00576903823143722
"899" "aP0_2_03" "aP0_2_12" 0.00582786949700926
"900" "aP0_2_04" "aP0_3_14" 0.0007265570116084
"901" "aP0_2_04" "aP0_2_07" 0.00195551735116628
"902" "aP0_2_04" "aE17.5_4_02" 0.00241510600305159
"903" "aP0_2_04" "aP0_3_03" 0.00399128739778041
"904" "aP0_2_04" "aP0_3_11" 0.00437502446389948
"905" "aE17.5_1_12" "aP0_2_04" 0.00465335418015146
"906" "aP0_2_05" "aP0_3_11" 0.00256544315783923
"907" "aP0_2_05" "aP0_2_12" 0.00294004709512064
"908" "aP0_2_05" "aP0_2_13" 0.00329295640465804
"909" "aP0_2_05" "aP0_2_07" 0.0050976738504765
"910" "aP0_2_05" "aP0_3_12" 0.00521055469297907
"911" "aP0_2_05" "aP0_2_06" 0.00673685951952729
"912" "aP0_2_04" "aP0_2_05" 0.00682537256214583
"913" "aP0_2_05" "aP0_3_14" 0.00700632382185731
"914" "aP0_1_20" "aP0_2_05" 0.00797647368871654
"915" "aP0_2_05" "aP0_3_15" 0.00829080789173233
"916" "aP0_2_05" "aP0_2_14" 0.00832376758376639
"917" "aP0_2_06" "aP0_3_12" 0.00224230813913739
"918" "aP0_2_06" "aP0_3_09" 0.003995391547093
"919" "aP0_2_06" "aP0_3_11" 0.00484509203891695
"920" "aP0_2_06" "aP0_3_03" 0.0051007052186003
"921" "aP0_1_01" "aP0_2_06" 0.00515321927623539
"922" "aP0_2_04" "aP0_2_06" 0.00553498294512494
"923" "aP0_2_06" "aP0_2_07" 0.00583422662639642
"924" "aP0_2_06" "aP0_3_14" 0.00624394117901106
"925" "aP0_2_02" "aP0_2_06" 0.00631159797898202
"926" "aP0_1_02" "aP0_2_06" 0.00656434567282242
"927" "aP0_1_03" "aP0_2_06" 0.00679227056144235
"928" "aP0_2_07" "aP0_3_14" 0.00193538968535753
"929" "aP0_2_07" "aP0_3_11" 0.00290151815304413
"930" "aP0_2_07" "aE17.5_4_02" 0.00345438704412123
"931" "aP0_1_01" "aP0_2_07" 0.00504180644678734
"932" "aE17.5_2_10" "aP0_2_07" 0.00506432540753457
"933" "aP0_2_07" "aP0_3_03" 0.00578181072912753
"934" "aP0_2_08" "aP0_3_02" 0.0051286710581064
"935" "aE17.5_1_20" "aP0_2_08" 0.0052836679416816
"936" "aE17.5_1_15" "aP0_2_08" 0.00531483200230425
"937" "aE17.5_1_29" "aP0_2_08" 0.00559123842454048
"938" "aE17.5_1_10" "aP0_2_08" 0.00590746293791096
"939" "aE17.5_3_05" "aP0_2_08" 0.00645822038915461
"940" "aP0_2_08" "aP0_2_11" 0.00656378321188362
"941" "aP0_2_09" "aE17.5_2_22" 0.00295073431087413
"942" "aP0_1_08" "aP0_2_09" 0.00793412267504253
"943" "aP0_1_17" "aP0_2_09" 0.00991900590983582
"944" "aE17.5_1_23" "aP0_2_09" 0.0105086032767849
"945" "aP0_1_20" "aP0_2_09" 0.0106545645979469
"946" "aP0_2_09" "aP0_3_05" 0.0111455302911756
"947" "aP0_2_09" "aE17.5_4_02" 0.0115879470852641
"948" "aP0_1_14" "aP0_2_09" 0.0120541854176047
"949" "aP0_2_07" "aP0_2_09" 0.0121789626218506
"950" "aP0_2_10" "aP0_3_15" 0.00276732470955093
"951" "aP0_2_10" "aP0_3_06" 0.00423280253412099
"952" "aP0_2_10" "aP0_3_04" 0.00472760992798288
"953" "aP0_2_10" "aP0_3_09" 0.00510949388554143
"954" "aP0_2_10" "aP0_3_10" 0.0064672463390592
"955" "aP0_2_10" "aP0_2_14" 0.00664697305666418
"956" "aP0_2_10" "aP0_3_12" 0.00740473188436691
"957" "aP0_2_06" "aP0_2_10" 0.00871281179767422
"958" "aP0_2_10" "aP0_2_12" 0.00925806154679031
"959" "aP0_2_05" "aP0_2_10" 0.0107988909452243
"960" "aP0_2_10" "aP0_3_11" 0.0110211896506833
"961" "aP0_1_10" "aP0_2_10" 0.0111484682508288
"962" "aP0_2_03" "aP0_2_10" 0.0112279153084088
"963" "aE17.5_1_07" "aP0_2_10" 0.0113087060725116
"964" "aP0_2_10" "aP0_3_16" 0.0123918998057495
"965" "aP0_2_11" "aP0_3_07" 0.000320802695361613
"966" "aP0_2_11" "aE17.5_2_23" 0.00306306662952389
"967" "aE17.5_2_10" "aP0_2_11" 0.00416434181612352
"968" "aP0_2_11" "aP0_3_02" 0.00479301463535419
"969" "aP9_2_01" "aP9_3_01" 0.00320070938237036
"970" "aP9_2_01" "aP9_2_15" 0.00365726280466372
"971" "aP9_2_01" "aP9_3_04" 0.00414061255362628
"972" "aP9_2_01" "aP15_1_04" 0.00423582806198229
"973" "aP9_2_01" "aP9_3_08" 0.00503236709384607
"974" "aP9_2_01" "aP9_2_08" 0.00545014977730845
"975" "aP9_2_01" "aP9_2_20" 0.00546538933884551
"976" "aP9_2_01" "aP9_2_07" 0.00551133371456965
"977" "aP9_2_01" "aP15_2_15" 0.00593896725759503
"978" "aP9_2_01" "aP9_2_03" 0.00611356028194646
"979" "aP9_2_01" "aP15_1_24" 0.006192400879098
"980" "aP9_2_01" "aP15_2_14" 0.00650271000781277
"981" "aP9_2_01" "aP9_2_05" 0.00651994173989398
"982" "aP9_2_01" "aP15_2_17" 0.00658985956806748
"983" "aP9_2_01" "aP9_3_07" 0.00681995874777458
"984" "aP9_2_02" "aP9_2_05" 0.00384187221574987
"985" "aP9_2_02" "aP9_2_22" 0.00456226000163108
"986" "aP9_2_02" "aP9_2_15" 0.0068414120987434
"987" "aP9_2_02" "aP15_1_18" 0.00691036458094034
"988" "aP9_2_02" "aP9_2_16" 0.00743915787835925
"989" "aP9_2_02" "aP9_2_20" 0.00836161395600642
"990" "aP9_2_02" "aP9_4_14" 0.00849772624027314
"991" "aP9_2_02" "aP9_3_07" 0.00894159022736867
"992" "aP9_2_02" "aP9_3_01" 0.0093604590219304
"993" "aP9_2_02" "aP15_1_07" 0.00964066683954181
"994" "aP9_2_01" "aP9_2_02" 0.0098156985484531
"995" "aP9_2_02" "aP9_2_06" 0.00995172740858477
"996" "aP9_2_02" "aP9_3_08" 0.0103835777557875
"997" "aP9_2_02" "aP9_3_03" 0.0105406896747272
"998" "aP9_2_02" "aP9_2_18" 0.0110238345943374
"999" "aP9_2_03" "aP15_2_14" 0.000389453658325125
"1000" "aP9_2_03" "aP9_2_07" 0.000642217279022682
"1001" "aP9_2_03" "aP9_3_08" 0.00181179287941395
"1002" "aP9_2_03" "aP15_2_16" 0.00198879825169342
"1003" "aP9_2_03" "aP9_3_04" 0.00211140339546636
"1004" "aP9_2_03" "aP15_1_04" 0.00217741905013534
"1005" "aP9_2_03" "aP9_2_19" 0.00234985408777749
"1006" "aP9_2_03" "aP9_3_02" 0.00275911853021742
"1007" "aP9_2_03" "aP15_2_17" 0.0031515694456043
"1008" "aP9_2_03" "aP9_3_01" 0.00346841535324988
"1009" "aP9_2_03" "aP9_2_20" 0.00388037055181743
"1010" "aP9_2_03" "aP9_2_10" 0.00408417123440137
"1011" "aP9_2_03" "aP9_4_12" 0.00420425693401256
"1012" "aP9_2_03" "aP15_1_24" 0.00461687671676136
"1013" "aP9_2_03" "aP60_2_08" 0.00469655941245615
"1014" "aP9_2_04" "aP9_4_13" 0.00728081666072338
"1015" "aP9_2_04" "aP15_1_01" 0.0109413524891821
"1016" "aP9_2_04" "aP9_4_07" 0.0142971946836571
"1017" "aP9_2_04" "aP9_4_10" 0.014906468966763
"1018" "aP9_2_04" "aP9_4_11" 0.0149611987274149
"1019" "aP9_2_04" "aP9_4_09" 0.0150826941069664
"1020" "aP9_2_04" "aP9_2_17" 0.016834957764729
"1021" "aP9_2_04" "aP15_2_21" 0.017304347878602
"1022" "aP9_2_04" "aP9_4_02" 0.0177725745292465
"1023" "aP9_2_04" "aP15_1_07" 0.0256307482950561
"1024" "aP9_2_04" "aP9_4_15" 0.0266973896944758
"1025" "aP9_2_04" "aP9_2_22" 0.0284686091249912
"1026" "aP9_2_02" "aP9_2_04" 0.0287935748218467
"1027" "aP9_2_04" "aP9_2_21" 0.0289512618369533
"1028" "aP9_2_04" "aP15_1_18" 0.0308060801225255
"1029" "aP9_2_05" "aP9_2_15" 0.00312074542728616
"1030" "aP9_2_05" "aP9_2_20" 0.00461121462459966
"1031" "aP9_2_05" "aP9_2_22" 0.00546548270685243
"1032" "aP9_2_05" "aP9_3_01" 0.00554887790912093
"1033" "aP9_2_05" "aP15_1_18" 0.00610104621081394
"1034" "aP9_2_05" "aP9_2_16" 0.00639942559007776
"1035" "aP9_2_05" "aP9_3_08" 0.00655742425308069
"1036" "aP9_2_05" "aP9_3_03" 0.00742362526374926
"1037" "aP9_2_05" "aP9_2_06" 0.00758921431638996
"1038" "aP9_2_05" "aP9_3_04" 0.00780824140425356
"1039" "aP9_2_05" "aP15_1_04" 0.00809414617930841
"1040" "aP9_2_05" "aP9_2_07" 0.00816409397131459
"1041" "aP9_2_05" "aP9_3_07" 0.00823010266457038
"1042" "aP9_2_06" "aP9_2_18" 0.00110994770050108
"1043" "aP9_2_06" "aP18_3_02" 0.00144647008663028
"1044" "aP9_2_06" "aP9_3_05" 0.00183528114700668
"1045" "aP9_2_06" "aP9_3_03" 0.00249187825785065
"1046" "aP9_2_06" "aP9_2_13" 0.00265222335656128
"1047" "aP9_2_06" "aP9_4_06" 0.00272618962583458
"1048" "aP9_2_06" "aP9_2_16" 0.00353797235188497
"1049" "aP9_2_06" "aP15_1_18" 0.00407857741031101
"1050" "aP9_2_06" "aP15_1_13" 0.00422518214180333
"1051" "aP9_2_06" "aP9_4_05" 0.00431057012295537
"1052" "aP9_2_06" "aP9_2_10" 0.00469261329595334
"1053" "aP9_2_06" "aP9_4_03" 0.00490020054697393
"1054" "aP9_2_06" "aP9_2_20" 0.00548528067463752
"1055" "aP9_2_06" "aP15_2_10" 0.00588059265597618
"1056" "aP9_2_06" "aP15_2_16" 0.00631915797216775
"1057" "aP9_2_07" "aP15_2_14" 0.00101452180767822
"1058" "aP9_2_07" "aP9_3_04" 0.00146990290706056
"1059" "aP9_2_07" "aP15_1_04" 0.00153941113228399
"1060" "aP9_2_07" "aP9_3_08" 0.00165173287029319
"1061" "aP9_2_07" "aP15_2_16" 0.00263055698870371
"1062" "aP9_2_07" "aP9_2_19" 0.00277930890902571
"1063" "aP9_2_07" "aP15_2_17" 0.00293799789417155
"1064" "aP9_2_07" "aP9_3_01" 0.00302034165568798
"1065" "aP9_2_07" "aP9_3_02" 0.00335968172106976
"1066" "aP9_2_07" "aP9_2_20" 0.00383117878873043
"1067" "aP9_2_07" "aP15_1_24" 0.00422921534092579
"1068" "aP9_2_07" "aP9_4_12" 0.00447027301665815
"1069" "aP9_2_07" "aP9_2_10" 0.00470001176503289
"1070" "aP9_2_07" "aP60_2_08" 0.00522962954388762
"1071" "aP9_2_08" "aP15_2_15" 0.0028389271203159
"1072" "aP9_2_08" "aP15_2_19" 0.00365659757922321
"1073" "aP9_2_08" "aP15_1_02" 0.00427232322790137
"1074" "aP9_2_08" "aP15_1_14" 0.0044097656798121
"1075" "aP9_2_08" "aP18_3_01" 0.00476808671827816
"1076" "aP9_2_08" "aP9_2_09" 0.00497074560940992
"1077" "aP9_2_08" "aP9_3_07" 0.00727741305955767
"1078" "aP9_2_08" "aP15_1_24" 0.00789880712523157
"1079" "aP9_2_08" "aP15_1_04" 0.00827512695295466
"1080" "aP9_2_08" "aP9_3_04" 0.00835945557219151
"1081" "aP9_2_08" "aP9_3_01" 0.00844163411342772
"1082" "aP9_2_08" "aP18_2_09" 0.00858430837770941
"1083" "aP9_2_08" "aP9_2_15" 0.00900602711649378
"1084" "aP9_2_08" "aP15_1_22" 0.00916877489825432
"1085" "aP9_2_09" "aP15_1_14" 0.000651209131169179
"1086" "aP9_2_09" "aP15_1_02" 0.00211590365919559
"1087" "aP9_2_09" "aP15_2_19" 0.004688704204988
"1088" "aP9_2_09" "aP15_2_15" 0.00519842686983641
"1089" "aP9_2_09" "aP18_3_01" 0.00576892836738182
"1090" "aP9_2_09" "aP15_1_08" 0.00920935791066492
"1091" "aP9_2_01" "aP9_2_09" 0.0103150613252456
"1092" "aP9_2_09" "aP15_1_24" 0.0108098759838166
"1093" "aP9_2_09" "aP18_2_09" 0.0108641585089284
"1094" "aP9_2_09" "aP9_3_07" 0.0112893133911238
"1095" "aP9_2_09" "aP15_1_22" 0.0112937974599724
"1096" "aP9_2_09" "aP15_1_04" 0.0123618876402378
"1097" "aP9_2_09" "aP9_3_04" 0.0125203324652974
"1098" "aP9_2_10" "aP15_2_16" 0.0022272036888024
"1099" "aP9_2_10" "aP9_3_03" 0.00253493052835452
"1100" "aP9_2_10" "aP9_3_02" 0.00268487745231058
"1101" "aP9_2_10" "aP15_2_03" 0.00278615050137917
"1102" "aP9_2_10" "aP9_4_05" 0.00316041897103339
"1103" "aP9_2_10" "aP15_1_13" 0.00352159619442176
"1104" "aP9_2_10" "aP9_4_06" 0.00356373801272584
"1105" "aP9_2_10" "aP15_2_14" 0.00379082769672283
"1106" "aP9_2_10" "aP60_2_08" 0.00400562130067079
"1107" "aP9_2_10" "aP9_2_19" 0.00400719332238561
"1108" "aP9_2_10" "aP15_2_11" 0.00414590743098352
"1109" "aP9_2_10" "aP18_3_02" 0.00443899445810512
"1110" "aP9_2_10" "aP15_1_06" 0.00446587145316756
"1111" "aP9_2_10" "aP9_2_13" 0.00457623133635488
"1112" "aP9_2_11" "aP15_2_10" 0.00096073398427276
"1113" "aP9_2_11" "aP15_1_12" 0.00188074786462909
"1114" "aP9_2_11" "aP15_1_13" 0.00266470677418372
"1115" "aP9_2_11" "aP9_4_05" 0.00276139883720924
"1116" "aP9_2_11" "aP15_1_19" 0.00337336626173737
"1117" "aP9_2_11" "aP15_1_10" 0.00366240163432983
"1118" "aP9_2_11" "aP15_2_11" 0.00390814574188376
"1119" "aP9_2_11" "aP15_2_03" 0.00398517918762565
"1120" "aP9_2_11" "aP15_1_06" 0.0040221817383918
"1121" "aP9_2_11" "aP15_2_02" 0.00407102694209684
"1122" "aP9_2_11" "aP9_4_06" 0.00408690822227816
"1123" "aP9_2_11" "aP15_1_16" 0.00408937717366882
"1124" "aP9_2_11" "aP15_2_08" 0.00411242898987559
"1125" "aP9_2_11" "aP9_4_04" 0.00427952272854518
"1126" "aP9_2_11" "aP15_2_13" 0.00432811952499873
"1127" "aP9_2_12" "aP15_1_20" 0.000985466303786015
"1128" "aP9_2_12" "aP18_3_11" 0.00155326881461098
"1129" "aP9_2_12" "aP60_2_08" 0.00161077894734303
"1130" "aP9_2_12" "aP9_4_12" 0.00267186652792439
"1131" "aP9_2_12" "aP18_1_05" 0.00277176892211511
"1132" "aP9_2_12" "aP18_1_07" 0.00283088462349609
"1133" "aP9_2_12" "aP60_1_14" 0.00310509458492562
"1134" "aP9_2_12" "aP18_2_06" 0.00317742600698546
"1135" "aP9_2_12" "aP15_2_05" 0.00327709481625545
"1136" "aP9_2_12" "aP9_3_02" 0.00362420371826729
"1137" "aP9_2_12" "aP9_2_19" 0.00366228686703601
"1138" "aP9_2_12" "aP15_1_06" 0.00369733438620583
"1139" "aP9_2_12" "aP15_2_11" 0.00376298113314486
"1140" "aP9_2_12" "aP18_2_07" 0.0040517226311303
"1141" "aP9_2_12" "aP15_2_03" 0.0040615632379675
"1142" "aP9_2_13" "aP9_4_06" 0.00102325477871699
"1143" "aP9_2_13" "aP18_3_02" 0.00120575588366727
"1144" "aP9_2_13" "aP9_2_18" 0.0015558312371209
"1145" "aP9_2_13" "aP9_3_05" 0.00175695796823546
"1146" "aP9_2_13" "aP15_1_13" 0.00213204373475718
"1147" "aP9_2_13" "aP9_4_05" 0.00241746369391791
"1148" "aP9_2_13" "aP15_2_10" 0.00338769732963826
"1149" "aP9_2_13" "aP9_3_03" 0.00370754937021842
"1150" "aP9_2_13" "aP9_4_03" 0.00380635369305489
"1151" "aP9_2_11" "aP9_2_13" 0.00434346136829015
"1152" "aP9_2_13" "aP9_4_08" 0.00439106173380733
"1153" "aP9_2_13" "aP15_2_03" 0.0055088717285998
"1154" "aP9_2_13" "aP9_2_16" 0.00570867722526265
"1155" "aP9_2_14" "aP15_2_09" 0.00160298822494932
"1156" "aP9_2_14" "aP15_2_01" 0.00201641152249596
"1157" "aP9_2_14" "aP15_1_19" 0.00305369674268726
"1158" "aP9_2_14" "aP9_4_04" 0.00321674708201575
"1159" "aP9_2_14" "aP9_4_08" 0.00346209970536589
"1160" "aP9_2_14" "aP18_3_04" 0.00350516141103849
"1161" "aP9_2_14" "aP15_1_10" 0.00364802078990142
"1162" "aP9_2_14" "aP15_2_02" 0.00380998320414786
"1163" "aP9_2_14" "aP15_1_03" 0.00418055583985095
"1164" "aP9_2_14" "aP15_2_08" 0.00439655783953451
"1165" "aP9_2_14" "aP9_4_01" 0.00442328535042052
"1166" "aP9_2_14" "aP15_2_06" 0.00471301069202134
"1167" "aP9_2_14" "aP15_1_17" 0.00521498934361752
"1168" "aP9_2_14" "aP60_5_15" 0.00530499089547053
"1169" "aP9_2_14" "aP60_5_04" 0.00552116405738813
"1170" "aP9_2_15" "aP9_3_01" 0.00258337204423189
"1171" "aP9_2_15" "aP9_2_20" 0.0029103476404942
"1172" "aP9_2_15" "aP9_3_08" 0.00407688264921553
"1173" "aP9_2_15" "aP9_3_04" 0.00485709966266461
"1174" "aP9_2_15" "aP15_1_04" 0.00512627680745233
"1175" "aP9_2_07" "aP9_2_15" 0.00549827384709599
"1176" "aP9_2_03" "aP9_2_15" 0.00584353288683515
"1177" "aP9_2_15" "aP15_2_14" 0.00617311705745509
"1178" "aP9_2_15" "aP9_3_03" 0.00674087558239008
"1179" "aP9_2_15" "aP15_2_16" 0.00711815845420536
"1180" "aP9_2_15" "aP9_3_07" 0.00778193843728856
"1181" "aP9_2_15" "aP15_2_17" 0.00789652159151369
"1182" "aP9_2_16" "aP15_1_18" 0.000597068076666227
"1183" "aP9_2_16" "aP9_2_22" 0.00359334711326626
"1184" "aP9_2_16" "aP9_3_05" 0.00406226734134432
"1185" "aP9_2_16" "aP9_2_18" 0.00430033722983923
"1186" "aP9_2_16" "aP18_3_02" 0.00465944774074733
"1187" "aP9_2_16" "aP9_3_03" 0.00556193501528912
"1188" "aP9_2_16" "aP9_4_03" 0.00571385482130387
"1189" "aP9_2_16" "aP9_2_21" 0.00599706921446201
"1190" "aP9_2_16" "aP9_4_06" 0.0061282830450907
"1191" "aP9_2_16" "aP15_1_07" 0.0063512730878415
"1192" "aP9_2_16" "aP9_2_20" 0.00674113281098709
"1193" "aP9_2_17" "aP15_2_21" 0.00183254704022786
"1194" "aP9_2_17" "aP9_4_11" 0.00695700440710812
"1195" "aP9_2_17" "aP9_4_02" 0.0073384134200545
"1196" "aP9_2_17" "aP15_1_07" 0.00946645407869708
"1197" "aP9_2_17" "aP9_4_09" 0.00975098208755731
"1198" "aP9_2_17" "aP9_2_22" 0.0116353332533606
"1199" "aP9_2_17" "aP9_4_15" 0.0119809507713606
"1200" "aP9_2_02" "aP9_2_17" 0.0125172565910593
"1201" "aP9_2_17" "aP9_2_21" 0.0133078386681769
"1202" "aP9_2_17" "aP15_1_18" 0.0140256817539766
"1203" "aP9_2_16" "aP9_2_17" 0.0145229649115385
"1204" "aP9_2_05" "aP9_2_17" 0.0159337202459234
"1205" "aP9_2_17" "aP9_4_03" 0.0177631941427882
"1206" "aP9_2_17" "aP60_5_04" 0.0178625747391438
"1207" "aP9_2_18" "aP18_3_02" 0.000368325062772636
"1208" "aP9_2_18" "aP9_3_05" 0.00111356255007976
"1209" "aP9_2_18" "aP9_4_06" 0.00183223273201532
"1210" "aP9_2_18" "aP9_3_03" 0.00288256051397934
"1211" "aP9_2_18" "aP15_1_13" 0.00333194210366413
"1212" "aP9_2_18" "aP9_4_05" 0.00348868533379815
"1213" "aP9_2_18" "aP9_4_03" 0.00416703558359693
"1214" "aP9_2_10" "aP9_2_18" 0.00458865223285612
"1215" "aP9_2_18" "aP15_2_10" 0.00486737804196691
"1216" "aP9_2_18" "aP15_1_18" 0.00487896476209988
"1217" "aP9_2_18" "aP9_4_08" 0.0056282785440474
"1218" "aP9_2_11" "aP9_2_18" 0.00580625229174971
"1219" "aP9_2_19" "aP9_3_02" 0.00140564796920536
"1220" "aP9_2_19" "aP15_2_14" 0.00203022091087862
"1221" "aP9_2_19" "aP9_4_12" 0.0020466531304174
"1222" "aP9_2_19" "aP15_2_16" 0.00206523468355409
"1223" "aP9_2_19" "aP60_2_08" 0.00255728001036627
"1224" "aP9_2_19" "aP15_2_17" 0.00289273222955458
"1225" "aP9_2_19" "aP18_3_11" 0.00352947898654717
"1226" "aP9_2_19" "aP15_1_04" 0.00393867686235661
"1227" "aP9_2_19" "aP9_3_04" 0.00402194316158116
"1228" "aP9_2_19" "aP9_3_08" 0.00413984722658361
"1229" "aP9_2_19" "aP15_1_20" 0.00464168291802584
"1230" "aP9_2_20" "aP9_3_08" 0.00218730836848053
"1231" "aP9_2_20" "aP9_3_01" 0.0024857873079589
"1232" "aP9_2_20" "aP9_3_03" 0.00390413328432232
"1233" "aP9_2_20" "aP9_3_04" 0.00403443026786194
"1234" "aP9_2_20" "aP15_2_14" 0.00409308794034814
"1235" "aP9_2_20" "aP15_1_04" 0.00432775936707853
"1236" "aP9_2_20" "aP15_2_16" 0.00456071471281897
"1237" "aP9_2_10" "aP9_2_20" 0.00519753633970527
"1238" "aP9_2_20" "aP9_3_02" 0.00583612853940657
"1239" "aP9_2_21" "aP9_4_15" 0.00301984957782448
"1240" "aP9_2_21" "aP15_1_07" 0.0039906719678421
"1241" "aP9_2_21" "aP60_5_04" 0.00468033644573117
"1242" "aP9_2_21" "aP9_4_03" 0.00489243059925933
"1243" "aP9_2_21" "aP15_1_17" 0.0055322104653549
"1244" "aP9_2_21" "aP15_1_18" 0.00612228904739506
"1245" "aP9_2_21" "aP9_3_05" 0.0066929626163803
"1246" "aP9_2_21" "aP9_2_22" 0.00743039515832399
"1247" "aP9_2_21" "aP9_4_08" 0.00767327877943352
"1248" "aP9_2_18" "aP9_2_21" 0.00773021696608911
"1249" "aP9_2_06" "aP9_2_21" 0.00783780303203803
"1250" "aP9_2_21" "aP18_3_02" 0.00789927856206096
"1251" "aP9_2_13" "aP9_2_21" 0.00815206732742458
"1252" "aP9_2_21" "aP9_4_01" 0.00839897851322512
"1253" "aP9_2_22" "aP15_1_18" 0.00299636350272745
"1254" "aP9_2_22" "aP15_1_07" 0.00557114123361856
"1255" "aP9_2_06" "aP9_2_22" 0.00694549142183855
"1256" "aP9_2_22" "aP9_3_05" 0.00765550719686659
"1257" "aP9_2_18" "aP9_2_22" 0.00783239529797395
"1258" "aP9_2_20" "aP9_2_22" 0.00814749086231122
"1259" "aP9_2_22" "aP18_3_02" 0.00819820894017157
"1260" "aP9_2_15" "aP9_2_22" 0.00824125438622241
"1261" "aP9_2_22" "aP9_3_03" 0.00848958498087764
"1262" "aP9_2_22" "aP9_4_03" 0.00896073531569749
"1263" "aP9_2_22" "aP9_4_15" 0.00926285597367666
"1264" "aP9_3_01" "aP9_3_08" 0.00194888278518414
"1265" "aP9_3_01" "aP9_3_04" 0.00227965080269086
"1266" "aP9_3_01" "aP15_1_04" 0.00255636811865415
"1267" "aP9_3_01" "aP15_2_14" 0.00383619978107084
"1268" "aP9_3_01" "aP15_2_16" 0.00508494743381262
"1269" "aP9_3_01" "aP15_2_17" 0.00531756838443427
"1270" "aP9_2_19" "aP9_3_01" 0.00578861304874731
"1271" "aP9_3_01" "aP15_1_24" 0.00584400879282858
"1272" "aP9_3_01" "aP9_3_03" 0.00603295052333382
"1273" "aP9_3_02" "aP15_2_16" 0.0012889358334366
"1274" "aP9_3_02" "aP60_2_08" 0.00210254096376549
"1275" "aP9_3_02" "aP15_2_14" 0.00236980168517599
"1276" "aP9_3_02" "aP9_4_12" 0.00305067709048657
"1277" "aP9_3_02" "aP15_2_03" 0.00337941335339529
"1278" "aP9_3_02" "aP18_3_11" 0.00406601853717273
"1279" "aP9_3_02" "aP15_2_17" 0.00426192095499033
"1280" "aP9_3_02" "aP9_3_08" 0.00427454276049264
"1281" "aP9_3_02" "aP15_2_11" 0.00431032688854821
"1282" "aP9_3_02" "aP15_1_06" 0.00452415914204589
"1283" "aP9_3_03" "aP18_3_02" 0.00292999032575087
"1284" "aP9_3_03" "aP9_4_06" 0.00301018000394623
"1285" "aP9_3_03" "aP9_4_05" 0.00383573105392604
"1286" "aP9_3_03" "aP15_2_16" 0.003843780182112
"1287" "aP9_3_03" "aP9_3_05" 0.00398360939428927
"1288" "aP9_3_03" "aP15_1_13" 0.00399404703628214
"1289" "aP9_3_03" "aP9_3_08" 0.00453164454843892
"1290" "aP9_3_03" "aP15_2_14" 0.00483214574172491
"1291" "aP9_3_02" "aP9_3_03" 0.00483984685433839
"1292" "aP9_2_03" "aP9_3_03" 0.00495136963118572
"1293" "aP9_3_04" "aP15_1_04" 0.000298055263745298
"1294" "aP9_3_04" "aP9_3_08" 0.00207129267149658
"1295" "aP9_3_04" "aP15_2_14" 0.00248225267822062
"1296" "aP9_3_04" "aP15_2_17" 0.00303943859891229
"1297" "aP9_3_04" "aP15_1_24" 0.00370652129653231
"1298" "aP9_3_04" "aP15_2_16" 0.00409668434166261
"1299" "aP9_3_02" "aP9_3_04" 0.00479240446257563
"1300" "aP9_3_04" "aP18_2_09" 0.00511729938635193
"1301" "aP9_3_05" "aP18_3_02" 0.00121088328152889
"1302" "aP9_3_05" "aP9_4_06" 0.00250650686829833
"1303" "aP9_3_05" "aP9_4_03" 0.00310201385584263
"1304" "aP9_3_05" "aP15_1_13" 0.00386517582152295
"1305" "aP9_3_05" "aP9_4_05" 0.00411241699710459
"1306" "aP9_3_05" "aP15_1_18" 0.00465932953749099
"1307" "aP9_3_05" "aP9_4_08" 0.0049569138241777
"1308" "aP9_3_05" "aP15_2_10" 0.00509394057066772
"1309" "aP9_2_10" "aP9_3_05" 0.0056492293536387
"1310" "aP9_2_11" "aP9_3_05" 0.0060545914143078
"1311" "aP9_3_07" "aP9_4_14" 0.0040897377057217
"1312" "aP9_3_01" "aP9_3_07" 0.00934350219153796
"1313" "aP9_3_07" "aP15_2_15" 0.00980629110593894
"1314" "aP9_2_20" "aP9_3_07" 0.0106780065125811
"1315" "aP9_3_07" "aP15_2_19" 0.010824668135627
"1316" "aP9_3_04" "aP9_3_07" 0.0108997778371685
"1317" "aP9_3_07" "aP15_1_14" 0.0109428584787205
"1318" "aP9_3_07" "aP15_1_04" 0.0110264418662954
"1319" "aP9_3_07" "aP9_3_08" 0.0112830497004004
"1320" "aP9_3_08" "aP15_2_14" 0.00210991525109969
"1321" "aP9_3_08" "aP15_1_04" 0.00233465281312198
"1322" "aP9_3_08" "aP15_2_16" 0.0031534505479047
"1323" "aP9_3_08" "aP15_2_17" 0.00454082326159413
"1324" "aP9_2_10" "aP9_3_08" 0.00466098785193777
"1325" "aP15_1_01" "aP9_4_13" 0.00661003399725143
"1326" "aP15_1_01" "aP9_4_07" 0.00817258169184468
"1327" "aP15_1_01" "aP9_4_09" 0.0159679658386686
"1328" "aP15_1_01" "aP9_4_10" 0.0162348882954813
"1329" "aP15_1_01" "aP9_4_02" 0.0199604841301157
"1330" "aP9_2_17" "aP15_1_01" 0.0228450389348292
"1331" "aP15_1_01" "aP9_4_11" 0.0238239005183734
"1332" "aP15_1_01" "aP15_2_21" 0.0240359297944735
"1333" "aP15_1_01" "aP9_4_15" 0.0289129877463428
"1334" "aP15_1_01" "aP15_1_07" 0.0294239768461766
"1335" "aP9_2_21" "aP15_1_01" 0.0317402037080694
"1336" "aP9_2_22" "aP15_1_01" 0.0337095698406121
"1337" "aP15_1_01" "aP15_1_17" 0.0346842521612593
"1338" "aP15_1_01" "aP60_5_04" 0.0347112586843388
"1339" "aP15_1_02" "aP15_1_14" 0.00158670477861838
"1340" "aP15_1_02" "aP15_2_19" 0.00268990606131138
"1341" "aP15_1_02" "aP15_2_15" 0.00343364925422401
"1342" "aP15_1_02" "aP18_3_01" 0.0036752106167368
"1343" "aP15_1_02" "aP18_2_09" 0.00877656815404691
"1344" "aP15_1_02" "aP15_1_24" 0.00879701978618269
"1345" "aP9_2_01" "aP15_1_02" 0.00910452311814478
"1346" "aP15_1_02" "aP15_1_22" 0.00919254831138902
"1347" "aP15_1_02" "aP15_2_17" 0.0105455925392529
"1348" "aP15_1_02" "aP15_1_04" 0.0106093183365652
"1349" "aP9_3_04" "aP15_1_02" 0.0107932082174254
"1350" "aP15_1_02" "aP15_1_08" 0.0113210934317484
"1351" "aP9_3_07" "aP15_1_02" 0.0113610125086845
"1352" "aP15_1_03" "aP15_2_08" 0.000594489108489719
"1353" "aP15_1_03" "aP15_2_02" 0.00078125065864212
"1354" "aP15_1_03" "aP18_3_04" 0.000957805132715383
"1355" "aP15_1_03" "aP9_4_04" 0.00116428302672897
"1356" "aP15_1_03" "aP15_1_10" 0.0013331219299723
"1357" "aP15_1_03" "aP18_3_06" 0.00142922345539963
"1358" "aP15_1_03" "aP15_2_06" 0.00168924888005233
"1359" "aP15_1_03" "aP15_2_13" 0.00235218578061247
"1360" "aP15_1_03" "aP15_1_19" 0.00275850383620283
"1361" "aP15_1_03" "aP15_2_01" 0.00300642484209245
"1362" "aP15_1_03" "aP15_1_12" 0.00316533599232297
"1363" "aP15_1_03" "aP15_2_07" 0.0033545890260358
"1364" "aP15_1_03" "aP15_1_16" 0.00354407118298501
"1365" "aP15_1_03" "aP60_3_07" 0.00377339430782802
"1366" "aP15_1_03" "aP18_3_05" 0.00387022346642681
"1367" "aP15_1_04" "aP15_2_14" 0.00253033612421865
"1368" "aP15_1_04" "aP15_2_17" 0.00277445834414533
"1369" "aP15_1_04" "aP15_1_24" 0.00340880356362183
"1370" "aP15_1_04" "aP15_2_16" 0.00416476988030094
"1371" "aP9_3_02" "aP15_1_04" 0.00478668154930498
"1372" "aP15_1_04" "aP18_2_09" 0.00481948929733772
"1373" "aP15_1_05" "aP18_1_02" 0.00188261911417721
"1374" "aP15_1_05" "aP15_1_15" 0.00254737198410354
"1375" "aP15_1_05" "aP15_1_23" 0.00269453096342365
"1376" "aP15_1_05" "aP15_1_11" 0.00278217218661145
"1377" "aP15_1_05" "aP18_1_12" 0.00297951591193732
"1378" "aP15_1_05" "aP18_3_07" 0.00312066696264668
"1379" "aP15_1_05" "aP15_1_09" 0.00336586342387369
"1380" "aP15_1_05" "aP18_1_15" 0.00339109537447443
"1381" "aP15_1_05" "aP60_2_09" 0.00348427745174854
"1382" "aP15_1_05" "aP60_4_15" 0.00374710857632938
"1383" "aP15_1_05" "aP18_1_08" 0.00375464950034708
"1384" "aP15_1_05" "aP60_3_05" 0.00490853697647767
"1385" "aP15_1_05" "aP60_2_03" 0.00495214900720807
"1386" "aP15_1_05" "aP60_2_13" 0.00508502411142309
"1387" "aP15_1_05" "aP60_3_07" 0.00526500702844935
"1388" "aP15_1_06" "aP15_2_11" 0.000329280626236619
"1389" "aP15_1_06" "aP15_2_03" 0.00168651249499654
"1390" "aP15_1_06" "aP18_1_07" 0.00221773661350309
"1391" "aP15_1_06" "aP60_5_10" 0.00236640437626425
"1392" "aP15_1_06" "aP60_1_14" 0.00281707550008949
"1393" "aP15_1_06" "aP60_2_08" 0.00326476593868101
"1394" "aP15_1_06" "aP18_2_04" 0.00341415457594438
"1395" "aP15_1_06" "aP15_1_20" 0.00380318841971748
"1396" "aP15_1_06" "aP18_2_06" 0.00429579548769753
"1397" "aP15_1_06" "aP9_4_05" 0.00431075490443215
"1398" "aP15_1_06" "aP18_3_10" 0.00435526344642496
"1399" "aP15_1_06" "aP15_2_10" 0.00447389566667648
"1400" "aP15_1_07" "aP9_4_15" 0.00415306415857942
"1401" "aP15_1_07" "aP15_1_18" 0.00609150484347508
"1402" "aP15_1_07" "aP9_4_03" 0.00830927546303879
"1403" "aP15_1_07" "aP60_5_04" 0.00866933674105646
"1404" "aP9_3_05" "aP15_1_07" 0.00902624460709854
"1405" "aP9_2_06" "aP15_1_07" 0.00947741966164328
"1406" "aP15_1_07" "aP15_1_17" 0.0094843160182205
"1407" "aP15_1_07" "aP9_4_02" 0.00955360751297446
"1408" "aP9_2_18" "aP15_1_07" 0.00981890407997076
"1409" "aP15_1_07" "aP18_3_02" 0.0100982249992662
"1410" "aP15_1_08" "aP0_3_16" 0.00542284299626784
"1411" "aP15_1_08" "aP0_3_10" 0.00885099956859846
"1412" "aP15_1_08" "aP0_2_14" 0.00894410661373182
"1413" "aP15_1_08" "aP0_3_04" 0.00895875542779944
"1414" "aP15_1_08" "aP0_3_06" 0.00925939197226419
"1415" "aP15_1_08" "aP15_1_14" 0.00975532983171479
"1416" "aP15_1_08" "aP0_3_15" 0.0121361709927461
"1417" "aP9_2_08" "aP15_1_08" 0.0123104953029186
"1418" "aP0_2_10" "aP15_1_08" 0.012808335596941
"1419" "aP15_1_08" "aP15_2_19" 0.0137399260032273
"1420" "aP15_1_08" "aP15_2_15" 0.0139449129089178
"1421" "aP15_1_08" "aP0_2_12" 0.0140362670930996
"1422" "aP15_1_09" "aP18_1_02" 0.00186131444172994
"1423" "aP15_1_09" "aP18_1_15" 0.00186168994307933
"1424" "aP15_1_09" "aP15_1_15" 0.00189933540660306
"1425" "aP15_1_09" "aP18_1_12" 0.0020159674063332
"1426" "aP15_1_09" "aP18_1_08" 0.00204750930953956
"1427" "aP15_1_09" "aP15_1_11" 0.00234284816150408
"1428" "aP15_1_09" "aP60_2_15" 0.00245342386484866
"1429" "aP15_1_09" "aP60_3_13" 0.00309318183225722
"1430" "aP15_1_09" "aP15_1_23" 0.003145299872324
"1431" "aP15_1_09" "aP60_2_13" 0.00322556743555631
"1432" "aP15_1_09" "aP60_5_03" 0.00324990023306129
"1433" "aP15_1_09" "aP60_3_09" 0.00329510946872734
"1434" "aP15_1_09" "aP60_3_14" 0.00374139916756559
"1435" "aP15_1_09" "aP60_2_06" 0.0039461862285443
"1436" "aP15_1_10" "aP15_2_02" 0.000552106293190826
"1437" "aP15_1_10" "aP9_4_04" 0.000634318444402996
"1438" "aP15_1_10" "aP15_2_08" 0.00105235165824499
"1439" "aP15_1_10" "aP15_1_19" 0.00147092441473266
"1440" "aP15_1_10" "aP18_3_04" 0.00174710648980253
"1441" "aP15_1_10" "aP15_2_01" 0.00198661632543406
"1442" "aP15_1_10" "aP18_3_06" 0.00244824639273611
"1443" "aP15_1_10" "aP15_1_12" 0.00254819175224914
"1444" "aP15_1_10" "aP15_2_13" 0.00291906950955292
"1445" "aP15_1_10" "aP15_2_06" 0.00295406196138091
"1446" "aP15_1_10" "aP15_1_16" 0.00383228858954806
"1447" "aP15_1_10" "aP15_2_09" 0.00397111619522448
"1448" "aP15_1_11" "aP15_1_15" 0.000498974608000756
"1449" "aP15_1_11" "aP15_1_23" 0.000853088386405803
"1450" "aP15_1_11" "aP18_1_02" 0.00114262760531276
"1451" "aP15_1_11" "aP18_1_08" 0.00114332424343768
"1452" "aP15_1_11" "aP18_3_07" 0.00201605196416462
"1453" "aP15_1_11" "aP60_2_13" 0.0023261306200881
"1454" "aP15_1_11" "aP60_3_07" 0.00276241631917218
"1455" "aP15_1_11" "aP60_2_15" 0.00337659963333128
"1456" "aP15_1_11" "aP18_2_05" 0.00343302458532517
"1457" "aP15_1_11" "aP18_1_12" 0.0037038940878784
"1458" "aP15_1_11" "aP18_1_15" 0.00381013052921658
"1459" "aP15_1_11" "aP15_2_07" 0.00392004365345156
"1460" "aP15_1_11" "aP15_2_06" 0.00416222089061992
"1461" "aP15_1_12" "aP15_1_16" 0.00237881616260937
"1462" "aP15_1_12" "aP15_2_13" 0.00244810885787189
"1463" "aP15_1_12" "aP15_2_08" 0.00257102777440498
"1464" "aP15_1_12" "aP15_2_02" 0.00275371136040026
"1465" "aP15_1_12" "aP15_2_10" 0.00277541329258302
"1466" "aP15_1_12" "aP15_1_19" 0.00306808763871363
"1467" "aP15_1_12" "aP18_3_06" 0.00308627885933038
"1468" "aP15_1_12" "aP9_4_04" 0.0031668617314627
"1469" "aP15_1_12" "aP18_3_04" 0.00401757233780545
"1470" "aP15_1_12" "aP15_2_01" 0.00405461455950587
"1471" "aP15_1_12" "aP18_2_04" 0.00409076828475198
"1472" "aP15_1_12" "aP18_3_05" 0.00418558162559369
"1473" "aP15_1_13" "aP9_4_05" 0.000405645976050354
"1474" "aP15_1_13" "aP9_4_06" 0.00150913006975751
"1475" "aP15_1_13" "aP15_2_10" 0.00186515738988138
"1476" "aP15_1_13" "aP18_3_02" 0.00297616111532413
"1477" "aP15_1_13" "aP15_2_03" 0.00353544023966019
"1478" "aP15_1_13" "aP15_2_11" 0.00434215856175088
"1479" "aP15_1_12" "aP15_1_13" 0.00454520128976697
"1480" "aP15_1_06" "aP15_1_13" 0.00461647272756117
"1481" "aP15_1_14" "aP15_2_19" 0.00406600569767539
"1482" "aP15_1_14" "aP15_2_15" 0.0045488241054176
"1483" "aP15_1_14" "aP18_3_01" 0.00517830746334644
"1484" "aP9_2_01" "aP15_1_14" 0.00970566876485852
"1485" "aP15_1_14" "aP15_1_24" 0.010179204476241
"1486" "aP15_1_14" "aP18_2_09" 0.0102619378705156
"1487" "aP15_1_14" "aP15_1_22" 0.0107023826728737
"1488" "aP15_1_04" "aP15_1_14" 0.0117108040370536
"1489" "aP9_3_04" "aP15_1_14" 0.0118696565344744
"1490" "aP15_1_14" "aP15_2_17" 0.0118944764490997
"1491" "aP15_1_15" "aP18_1_02" 0.000735184807393661
"1492" "aP15_1_15" "aP18_1_08" 0.00120897688261064
"1493" "aP15_1_15" "aP15_1_23" 0.00124597160973309
"1494" "aP15_1_15" "aP18_3_07" 0.00240355448700842
"1495" "aP15_1_15" "aP60_2_13" 0.00255323179262777
"1496" "aP15_1_15" "aP18_1_12" 0.00320703870963908
"1497" "aP15_1_15" "aP60_3_07" 0.00323387387278691
"1498" "aP15_1_15" "aP60_2_15" 0.00324796332176185
"1499" "aP15_1_15" "aP18_1_15" 0.00331158551572807
"1500" "aP15_1_15" "aP18_2_05" 0.00382864721707378
"1501" "aP15_1_15" "aP60_3_13" 0.004078843128492
"1502" "aP15_1_15" "aP15_2_07" 0.00438492282245949
"1503" "aP15_1_16" "aP15_2_13" 0.00127541256900706
"1504" "aP15_1_16" "aP18_2_12" 0.00182043581117207
"1505" "aP15_1_16" "aP18_3_05" 0.00201725821279583
"1506" "aP15_1_16" "aP18_2_08" 0.00236072314675617
"1507" "aP15_1_16" "aP18_3_06" 0.00246482080917378
"1508" "aP15_1_16" "aP18_3_10" 0.00247638985067189
"1509" "aP15_1_16" "aP60_2_05" 0.0025383255870301
"1510" "aP15_1_16" "aP18_3_09" 0.00260510684428162
"1511" "aP15_1_16" "aP15_2_12" 0.00268059601937105
"1512" "aP15_1_16" "aP18_2_04" 0.00271579677647362
"1513" "aP15_1_16" "aP60_2_02" 0.0027759858908955
"1514" "aP15_1_16" "aP18_1_11" 0.00297873393606279
"1515" "aP15_1_16" "aP15_2_08" 0.00313020466731291
"1516" "aP15_1_16" "aP60_5_07" 0.00315984635304834
"1517" "aP15_1_17" "aP60_5_04" 0.00112018170659567
"1518" "aP15_1_17" "aP9_4_01" 0.00292829841544788
"1519" "aP15_1_17" "aP15_2_09" 0.00434184594994138
"1520" "aP15_1_17" "aP9_4_03" 0.00461343935823171
"1521" "aP15_1_17" "aP9_4_08" 0.00474837306391931
"1522" "aP15_1_17" "aP15_2_01" 0.00632586656542568
"1523" "aP15_1_17" "aP18_3_03" 0.00642436856111414
"1524" "aP15_1_17" "aP9_4_15" 0.0066796098666379
"1525" "aP15_1_17" "aP15_1_19" 0.0070861896743706
"1526" "aP15_1_17" "aP60_5_15" 0.00741231879059304
"1527" "aP9_3_05" "aP15_1_17" 0.00771317453542091
"1528" "aP15_1_17" "aP9_4_04" 0.00809460762916767
"1529" "aP9_2_13" "aP15_1_17" 0.00813688336012544
"1530" "aP15_1_18" "aP18_3_02" 0.00524036747454487
"1531" "aP9_3_03" "aP15_1_18" 0.00599239543897239
"1532" "aP15_1_18" "aP9_4_03" 0.00623147700513283
"1533" "aP9_2_13" "aP15_1_18" 0.00630102609474365
"1534" "aP15_1_18" "aP9_4_06" 0.00670256937989138
"1535" "aP9_2_20" "aP15_1_18" 0.00685645427549935
"1536" "aP15_1_19" "aP15_2_01" 0.00103795880756883
"1537" "aP15_1_19" "aP9_4_04" 0.00168530572302055
"1538" "aP15_1_19" "aP15_2_02" 0.00199362281316724
"1539" "aP15_1_19" "aP15_2_08" 0.00252107572136613
"1540" "aP15_1_19" "aP15_2_09" 0.00281889582802494
"1541" "aP15_1_19" "aP18_3_04" 0.0028752930976554
"1542" "aP15_1_19" "aP9_4_08" 0.00292487523429614
"1543" "aP15_1_19" "aP15_2_10" 0.00349962417446864
"1544" "aP15_1_19" "aP18_3_06" 0.00391034525328693
"1545" "aP15_1_19" "aP15_2_13" 0.00424306247501213
"1546" "aP15_1_20" "aP18_3_11" 0.00197942480908198
"1547" "aP15_1_20" "aP18_2_06" 0.00222131412403312
"1548" "aP15_1_20" "aP15_2_05" 0.00230845803845585
"1549" "aP15_1_20" "aP18_1_05" 0.00235102907821106
"1550" "aP15_1_20" "aP18_1_07" 0.00235297362361452
"1551" "aP15_1_20" "aP60_1_14" 0.0024432220726001
"1552" "aP15_1_20" "aP60_2_08" 0.00251588921852282
"1553" "aP15_1_20" "aP18_2_07" 0.00313441737181238
"1554" "aP15_1_20" "aP9_4_12" 0.00348110536500608
"1555" "aP15_1_20" "aP15_2_11" 0.00394870981599656
"1556" "aP15_1_20" "aP18_2_14" 0.00403381940827716
"1557" "aP15_1_20" "aP15_2_20" 0.00412676166289638
"1558" "aP15_1_20" "aP60_5_10" 0.00421848925911932
"1559" "aP15_1_21" "aP9_4_10" 0.0196536001216489
"1560" "aP15_1_21" "aP9_4_13" 0.0294031129054195
"1561" "aP9_2_04" "aP15_1_21" 0.0310165930275919
"1562" "aP15_1_21" "aP0_3_13" 0.0330080796131254
"1563" "aP15_1_01" "aP15_1_21" 0.0356928718563829
"1564" "aE17.5_1_18" "aP15_1_21" 0.0403362314561717
"1565" "aP15_1_21" "aP9_4_11" 0.0406824203534986
"1566" "aP0_1_16" "aP15_1_21" 0.0411412510977056
"1567" "aP0_1_04" "aP15_1_21" 0.0418749114597409
"1568" "aP0_1_15" "aP15_1_21" 0.0427301063706388
"1569" "aP15_1_21" "aP9_4_07" 0.0430908612982735
"1570" "aP0_1_09" "aP15_1_21" 0.0448148987392611
"1571" "aP15_1_21" "aP15_2_21" 0.0454864919285616
"1572" "aP9_2_17" "aP15_1_21" 0.0458057895496776
"1573" "aP15_1_22" "aP18_2_09" 0.00062403759737702
"1574" "aP15_1_22" "aP15_1_24" 0.00199572761644051
"1575" "aP15_1_22" "aP15_2_17" 0.00284561483672887
"1576" "aP15_1_22" "aP15_2_18" 0.00385440336535046
"1577" "aP15_1_22" "aP9_4_12" 0.00425369525639382
"1578" "aP15_1_22" "aP15_2_04" 0.00426882429037715
"1579" "aP15_1_04" "aP15_1_22" 0.00525258022150653
"1580" "aP9_2_19" "aP15_1_22" 0.00527523362957238
"1581" "aP15_1_22" "aP18_3_11" 0.00529133798233488
"1582" "aP15_1_22" "aP18_3_01" 0.00552537733902275
"1583" "aP9_3_04" "aP15_1_22" 0.00554821369438497
"1584" "aP9_2_07" "aP15_1_22" 0.00575901270140248
"1585" "aP9_2_03" "aP15_1_22" 0.00599702011589293
"1586" "aP15_1_22" "aP15_2_14" 0.0060302542880007
"1587" "aP15_1_22" "aP18_1_05" 0.00614059958906451
"1588" "aP15_1_23" "aP18_3_07" 0.00116678855116218
"1589" "aP15_1_23" "aP18_1_02" 0.0015965726508182
"1590" "aP15_1_23" "aP18_1_08" 0.00189112819894253
"1591" "aP15_1_23" "aP60_3_07" 0.00257059492139593
"1592" "aP15_1_23" "aP60_2_13" 0.00280383224451521
"1593" "aP15_1_23" "aP15_2_06" 0.00348907947050677
"1594" "aP15_1_23" "aP18_2_05" 0.00350060311980527
"1595" "aP15_1_23" "aP15_2_07" 0.00371637529187558
"1596" "aP15_1_23" "aP60_2_15" 0.00417293060815955
"1597" "aP15_1_23" "aP18_1_12" 0.00427849971310799
"1598" "aP15_1_23" "aP18_1_15" 0.00445228762515892
"1599" "aP15_1_24" "aP18_2_09" 0.0014585178745607
"1600" "aP15_1_24" "aP15_2_17" 0.00178448816999621
"1601" "aP15_1_24" "aP9_4_12" 0.004486129122586
"1602" "aP9_2_19" "aP15_1_24" 0.00467632978071971
"1603" "aP15_1_24" "aP15_2_14" 0.00475663355729864
"1604" "aP15_1_24" "aP18_3_01" 0.00520856919525838
"1605" "aP9_3_08" "aP15_1_24" 0.0056291901900658
"1606" "aP15_1_24" "aP15_2_15" 0.00576834422055973
"1607" "aP15_1_24" "aP15_2_18" 0.00582064899646571
"1608" "aP18_1_02" "aP18_1_08" 0.00190024754199893
"1609" "aP18_1_02" "aP18_3_07" 0.00262777663025922
"1610" "aP18_1_02" "aP18_1_12" 0.00268197892577917
"1611" "aP18_1_02" "aP18_1_15" 0.00287037917963529
"1612" "aP18_1_02" "aP60_2_13" 0.00327480414086038
"1613" "aP18_1_02" "aP60_2_15" 0.00371476139392889
"1614" "aP18_1_02" "aP60_3_07" 0.00389989698601734
"1615" "aP18_1_02" "aP60_4_15" 0.00435935098314355
"1616" "aP18_1_02" "aP60_2_09" 0.00436872850730017
"1617" "aP18_1_02" "aP60_3_13" 0.00451443606795766
"1618" "aP18_1_05" "aP18_3_11" 0.00200070819137005
"1619" "aP18_1_05" "aP18_2_07" 0.0024519888054345
"1620" "aP18_1_05" "aP15_2_05" 0.00323254236236986
"1621" "aP18_1_05" "aP18_2_06" 0.0032907901700773
"1622" "aP18_1_05" "aP15_2_04" 0.00355016474023609
"1623" "aP18_1_05" "aP9_4_12" 0.00365995119624289
"1624" "aP18_1_05" "aP18_2_14" 0.00385060615387547
"1625" "aP18_1_05" "aP60_2_08" 0.00428123255760987
"1626" "aP18_1_05" "aP15_2_20" 0.00428306861502654
"1627" "aP18_1_05" "aP60_1_14" 0.00436400656689591
"1628" "aP18_1_05" "aP18_1_07" 0.00450132348033684
"1629" "aP18_1_05" "aP15_2_18" 0.00461921843421048
"1630" "aP9_2_19" "aP18_1_05" 0.00552687767147154
"1631" "aP18_1_07" "aP60_1_14" 0.00063924510994629
"1632" "aP18_1_07" "aP60_5_10" 0.00186676110466081
"1633" "aP18_1_07" "aP18_2_06" 0.00208785881002209
"1634" "aP18_1_07" "aP15_2_05" 0.00227403672697568
"1635" "aP18_1_07" "aP15_2_11" 0.00250535669010554
"1636" "aP18_1_07" "aP18_2_04" 0.0029857847566068
"1637" "aP18_1_07" "aP60_2_08" 0.00346248721750133
"1638" "aP18_1_07" "aP15_2_03" 0.00367058060532315
"1639" "aP18_1_07" "aP18_3_10" 0.00381189382465246
"1640" "aP18_1_07" "aP15_2_20" 0.00394170313650614
"1641" "aP18_1_07" "aP18_2_07" 0.00409768721445427
"1642" "aP18_1_07" "aP18_2_08" 0.00416854479717466
"1643" "aP18_1_08" "aP60_2_13" 0.00139886769963303
"1644" "aP18_1_08" "aP60_2_15" 0.00228635739504743
"1645" "aP18_1_08" "aP60_3_07" 0.0026828839675889
"1646" "aP18_1_08" "aP18_2_05" 0.00292590449517817
"1647" "aP18_1_08" "aP18_3_07" 0.0029667678612733
"1648" "aP18_1_08" "aP60_3_13" 0.00312815361143621
"1649" "aP18_1_08" "aP18_2_03" 0.00363458764289387
"1650" "aP18_1_08" "aP15_2_07" 0.00373202852670701
"1651" "aP18_1_08" "aP18_1_15" 0.00384279880734676
"1652" "aP18_1_09" "aP60_1_07" 0.00175103948546166
"1653" "aP18_1_09" "aP60_1_09" 0.00196500668661703
"1654" "aP18_1_09" "aP60_5_09" 0.00247552178960613
"1655" "aP18_1_09" "aP18_2_02" 0.00259104472457155
"1656" "aP18_1_09" "aP15_2_20" 0.00309332508242823
"1657" "aP18_1_09" "aP60_3_11" 0.00310725359029328
"1658" "aP18_1_09" "aP18_2_14" 0.00335501212887587
"1659" "aP18_1_09" "aP60_1_04" 0.00387090403099704
"1660" "aP18_1_09" "aP18_2_11" 0.00398699719743359
"1661" "aP18_1_09" "aP60_4_02" 0.00430239949129825
"1662" "aP18_1_09" "aP60_3_12" 0.00453079331762065
"1663" "aP18_1_09" "aP18_2_07" 0.00472988793153381
"1664" "aP18_1_09" "aP60_4_06" 0.004751074476811
"1665" "aP18_1_09" "aP18_2_13" 0.00475695275482712
"1666" "aP18_1_09" "aP60_1_15" 0.00483653462624416
"1667" "aP18_1_11" "aP60_2_05" 0.000440559459520369
"1668" "aP18_1_11" "aP60_5_07" 0.000545177923896725
"1669" "aP18_1_11" "aP15_2_12" 0.000964759554019502
"1670" "aP18_1_11" "aP60_2_02" 0.00096668207124891
"1671" "aP18_1_11" "aP18_3_09" 0.00116482861386238
"1672" "aP18_1_11" "aP18_3_05" 0.001248789644747
"1673" "aP18_1_11" "aP60_3_02" 0.00129812282730593
"1674" "aP18_1_11" "aP18_2_12" 0.00150796701653141
"1675" "aP18_1_11" "aP60_2_07" 0.00150798756506252
"1676" "aP18_1_11" "aP18_3_08" 0.00169716299471648
"1677" "aP18_1_11" "aP60_1_03" 0.00170524096941703
"1678" "aP18_1_11" "aP18_3_12" 0.00216968003310261
"1679" "aP18_1_11" "aP60_1_17" 0.00233539452256752
"1680" "aP18_1_11" "aP18_2_13" 0.00244364153275304
"1681" "aP18_1_11" "aP18_2_01" 0.0024921167005418
"1682" "aP18_1_12" "aP18_1_15" 0.000479173599997377
"1683" "aP18_1_12" "aP60_4_15" 0.00207594775466959
"1684" "aP18_1_12" "aP60_2_09" 0.00240519579042492
"1685" "aP18_1_12" "aP60_2_14" 0.00314125317016993
"1686" "aP18_1_12" "aP60_5_03" 0.00341758481515686
"1687" "aP18_1_12" "aP60_3_14" 0.0035361486697444
"1688" "aP18_1_08" "aP18_1_12" 0.0038794188004816
"1689" "aP18_1_12" "aP60_3_10" 0.00388177523473135
"1690" "aP18_1_12" "aP60_3_09" 0.00433388112116133
"1691" "aP18_1_15" "aP60_4_15" 0.00234682686394204
"1692" "aP18_1_15" "aP60_2_09" 0.00275556003751497
"1693" "aP18_1_15" "aP60_2_14" 0.00279272563506381
"1694" "aP18_1_15" "aP60_5_03" 0.0029393245119013
"1695" "aP18_1_15" "aP60_3_14" 0.00307576775368362
"1696" "aP18_1_15" "aP60_3_10" 0.00383434922686111
"1697" "aP18_1_15" "aP60_3_09" 0.00388084322629631
"1698" "aP18_1_15" "aP60_2_15" 0.004071372448742
"1699" "aP18_1_18" "aP60_2_04" 0.000474008171788169
"1700" "aP18_1_18" "aP60_1_11" 0.000885087960871164
"1701" "aP18_1_18" "aP60_5_12" 0.00109496596187086
"1702" "aP18_1_18" "aP18_2_10" 0.00109985985818383
"1703" "aP18_1_18" "aP60_4_11" 0.00121883546235841
"1704" "aP18_1_18" "aP60_1_12" 0.00143438141154229
"1705" "aP18_1_18" "aP60_5_08" 0.00155525124043702
"1706" "aP18_1_18" "aP60_3_06" 0.00158479819579086
"1707" "aP18_1_18" "aP18_1_19" 0.00158660028492326
"1708" "aP18_1_18" "aP60_2_11" 0.00158905027195975
"1709" "aP18_1_18" "aP18_2_01" 0.00194099175555981
"1710" "aP18_1_18" "aP60_1_06" 0.00201261778099612
"1711" "aP18_1_18" "aP60_5_02" 0.00246825624367989
"1712" "aP18_1_18" "aP18_3_12" 0.00248455042966834
"1713" "aP18_1_18" "aP18_2_03" 0.00249462390505915
"1714" "aP18_1_19" "aP60_5_12" 0.00075485492471163
"1715" "aP18_1_19" "aP60_3_06" 0.00111762910906533
"1716" "aP18_1_19" "aP60_2_04" 0.00115660348745409
"1717" "aP18_1_19" "aP60_2_16" 0.00121612791294415
"1718" "aP18_1_19" "aP60_5_08" 0.00158759216693891
"1719" "aP18_1_19" "aP60_5_01" 0.0016970011648022
"1720" "aP18_1_19" "aP60_1_12" 0.00193641573619395
"1721" "aP18_1_19" "aP60_1_06" 0.00196670738778351
"1722" "aP18_1_19" "aP60_4_11" 0.00216001257500578
"1723" "aP18_1_19" "aP18_2_10" 0.00235709128405534
"1724" "aP18_1_19" "aP60_3_01" 0.00239522989407299
"1725" "aP18_1_19" "aP60_1_11" 0.00246836897562804
"1726" "aP18_1_19" "aP60_2_11" 0.0028648368383582
"1727" "aP18_1_19" "aP60_3_13" 0.00292786314424514
"1728" "aP18_2_01" "aP18_3_12" 0.000543829406062653
"1729" "aP18_2_01" "aP60_1_03" 0.0010174748170159
"1730" "aP18_2_01" "aP60_1_11" 0.00105613862095712
"1731" "aP18_2_01" "aP60_2_07" 0.00105691442138881
"1732" "aP18_2_01" "aP60_1_17" 0.00112376308049905
"1733" "aP18_2_01" "aP60_3_02" 0.00120620769138322
"1734" "aP18_2_01" "aP60_1_15" 0.00151449557346823
"1735" "aP18_2_01" "aP60_2_11" 0.00169520701044343
"1736" "aP18_2_01" "aP18_2_10" 0.00175497085159355
"1737" "aP18_2_01" "aP18_3_08" 0.00188899391428605
"1738" "aP18_2_01" "aP60_3_12" 0.00198650740924708
"1739" "aP18_2_01" "aP60_4_11" 0.00200533379056869
"1740" "aP18_2_01" "aP60_4_02" 0.00209124427635842
"1741" "aP18_2_01" "aP60_5_02" 0.0021087435867385
"1742" "aP18_2_02" "aP60_4_06" 0.00251301206307206
"1743" "aP18_2_02" "aP60_1_18" 0.00293005985213216
"1744" "aP18_2_02" "aP60_4_02" 0.00301393915471935
"1745" "aP18_2_02" "aP60_3_12" 0.00310195711930377
"1746" "aP18_2_02" "aP60_3_11" 0.00325600778675128
"1747" "aP18_2_02" "aP60_5_02" 0.00344996038511964
"1748" "aP18_2_02" "aP60_5_09" 0.00347595595412575
"1749" "aP18_2_02" "aP60_1_15" 0.00357996328000122
"1750" "aP18_2_02" "aP60_1_04" 0.00369130254182435
"1751" "aP18_2_02" "aP60_3_15" 0.00373609428337379
"1752" "aP18_2_02" "aP60_1_07" 0.00378284594423242
"1753" "aP18_2_02" "aP60_1_09" 0.00427122116724659
"1754" "aP18_2_02" "aP60_1_17" 0.0045511374281208
"1755" "aP18_2_02" "aP60_4_11" 0.00478324114759007
"1756" "aP18_2_03" "aP60_2_11" 0.000999293007916435
"1757" "aP18_2_03" "aP18_2_10" 0.00140195463431784
"1758" "aP18_2_03" "aP18_2_05" 0.00158134295833201
"1759" "aP18_2_03" "aP60_2_07" 0.00197574824658833
"1760" "aP18_2_03" "aP60_3_02" 0.00214780537150427
"1761" "aP18_2_03" "aP60_2_13" 0.00223579508235806
"1762" "aP18_2_03" "aP60_1_11" 0.0023366483905682
"1763" "aP18_2_03" "aP60_2_02" 0.00246043369934395
"1764" "aP18_2_01" "aP18_2_03" 0.00253875581846869
"1765" "aP18_2_03" "aP15_2_07" 0.00256990917607843
"1766" "aP18_2_03" "aP60_2_04" 0.00258509059272284
"1767" "aP18_2_03" "aP60_3_06" 0.00259714745007227
"1768" "aP18_2_03" "aP18_3_09" 0.00263593388352772
"1769" "aP18_1_11" "aP18_2_03" 0.00264436072368125
"1770" "aP18_2_04" "aP18_3_10" 0.000945931182311292
"1771" "aP18_2_04" "aP60_5_10" 0.00119701840922327
"1772" "aP18_2_04" "aP18_2_08" 0.00129146726421898
"1773" "aP18_2_04" "aP18_2_12" 0.00259588525083994
"1774" "aP18_2_04" "aP60_1_14" 0.00290282767007348
"1775" "aP18_2_04" "aP15_2_12" 0.00316032078202377
"1776" "aP18_2_04" "aP18_2_13" 0.00321947310923881
"1777" "aP18_2_04" "aP15_2_11" 0.00370693564540709
"1778" "aP18_2_04" "aP60_2_05" 0.00372184466057882
"1779" "aP18_2_04" "aP60_5_07" 0.00382175264160681
"1780" "aP18_2_04" "aP18_3_05" 0.00387661852352887
"1781" "aP18_2_04" "aP18_3_08" 0.00388150591623005
"1782" "aP18_2_05" "aP15_2_07" 0.00121328096216002
"1783" "aP18_2_05" "aP60_3_07" 0.00122974922660193
"1784" "aP18_2_05" "aP60_2_13" 0.0017690081476056
"1785" "aP18_2_05" "aP60_2_02" 0.00227277463856683
"1786" "aP18_2_05" "aP18_3_09" 0.00230169460630632
"1787" "aP18_2_05" "aP60_2_11" 0.00256896258253545
"1788" "aP18_2_05" "aP18_3_05" 0.0028903001841196
"1789" "aP18_1_11" "aP18_2_05" 0.00297579059210125
"1790" "aP18_2_05" "aP18_2_10" 0.00298093840463215
"1791" "aP18_2_05" "aP60_2_07" 0.00308715706753357
"1792" "aP18_2_05" "aP60_2_05" 0.0031295198267048
"1793" "aP18_2_05" "aP60_3_02" 0.00315597659492073
"1794" "aP18_2_06" "aP15_2_05" 0.000186271673807661
"1795" "aP18_2_06" "aP60_1_14" 0.00157312395000551
"1796" "aP18_2_06" "aP15_2_20" 0.00205408466649276
"1797" "aP18_2_06" "aP18_2_07" 0.00207462794717249
"1798" "aP18_2_06" "aP18_2_14" 0.00218677330478347
"1799" "aP18_2_06" "aP60_5_10" 0.00338325604472414
"1800" "aP18_2_06" "aP60_1_07" 0.00358293460671629
"1801" "aP18_2_06" "aP18_3_11" 0.00402027038958766
"1802" "aP18_2_04" "aP18_2_06" 0.00411828772787411
"1803" "aP18_2_06" "aP60_5_09" 0.00438229116501163
"1804" "aP18_2_07" "aP18_2_14" 0.0014190709497499
"1805" "aP18_2_07" "aP15_2_05" 0.00190339061833251
"1806" "aP18_2_07" "aP15_2_20" 0.00193918367245821
"1807" "aP18_2_07" "aP60_1_14" 0.00363850241502566
"1808" "aP18_2_07" "aP60_1_09" 0.00379276964411216
"1809" "aP18_2_07" "aP60_1_07" 0.00386858927333876
"1810" "aP18_2_07" "aP18_3_11" 0.00411475579437754
"1811" "aP18_2_07" "aP60_5_09" 0.00510940329225537
"1812" "aP18_2_07" "aP15_2_04" 0.00538222114332638
"1813" "aP18_2_08" "aP18_3_10" 0.00035907257279878
"1814" "aP18_2_08" "aP18_2_12" 0.00145591047624715
"1815" "aP18_2_08" "aP15_2_12" 0.0018837592255792
"1816" "aP18_2_08" "aP18_2_13" 0.00210990580722985
"1817" "aP18_2_08" "aP60_5_10" 0.00247486006844168
"1818" "aP18_2_08" "aP60_2_05" 0.00251872787120711
"1819" "aP18_2_08" "aP60_5_07" 0.00253975281223916
"1820" "aP18_2_08" "aP18_3_08" 0.00262999624628609
"1821" "aP18_1_11" "aP18_2_08" 0.0028002963535064
"1822" "aP18_2_08" "aP18_3_05" 0.00284666294233647
"1823" "aP18_2_08" "aP60_2_02" 0.00334794200680316
"1824" "aP18_2_08" "aP18_3_09" 0.00335447873645783
"1825" "aP18_2_08" "aP60_1_03" 0.00346688872929325
"1826" "aP18_2_09" "aP15_2_17" 0.00263363906251313
"1827" "aP18_2_09" "aP15_2_18" 0.0044635225574512
"1828" "aP18_2_09" "aP9_4_12" 0.00449638197847785
"1829" "aP18_2_09" "aP15_2_04" 0.00489278953853296
"1830" "aP18_2_09" "aP18_3_01" 0.00510135841292606
"1831" "aP9_2_19" "aP18_2_09" 0.00528477047138668
"1832" "aP9_2_07" "aP18_2_09" 0.00546126007293291
"1833" "aP18_2_09" "aP18_3_11" 0.00568480869966046
"1834" "aP9_2_03" "aP18_2_09" 0.00575654064468381
"1835" "aP18_2_09" "aP15_2_14" 0.00582792254686632
"1836" "aP18_2_09" "aP15_2_15" 0.00613116984924784
"1837" "aP18_2_10" "aP60_2_11" 0.000517154002895922
"1838" "aP18_2_10" "aP60_1_11" 0.00107596669615338
"1839" "aP18_2_10" "aP60_2_04" 0.00127526006134108
"1840" "aP18_2_10" "aP60_3_06" 0.00177084645435753
"1841" "aP18_2_10" "aP60_2_07" 0.00186762427802665
"1842" "aP18_2_10" "aP60_5_12" 0.00210281720386811
"1843" "aP18_2_10" "aP60_3_02" 0.00212090971171325
"1844" "aP18_2_10" "aP60_4_11" 0.00216891668990924
"1845" "aP18_2_10" "aP18_3_12" 0.00221720198467012
"1846" "aP18_2_10" "aP60_1_12" 0.00249191836339332
"1847" "aP18_2_10" "aP60_1_03" 0.00249862519018651
"1848" "aP18_2_11" "aP60_1_09" 0.00248649203879594
"1849" "aP18_2_11" "aP60_1_04" 0.00285791618362486
"1850" "aP18_2_11" "aP18_2_14" 0.00500169316733025
"1851" "aP18_2_11" "aP15_2_20" 0.00529543084460942
"1852" "aP18_2_11" "aP60_1_07" 0.00530574631807532
"1853" "aP18_2_02" "aP18_2_11" 0.00541299798901105
"1854" "aP18_2_07" "aP18_2_11" 0.00565298062925291
"1855" "aP18_2_11" "aP60_5_09" 0.00640672211800095
"1856" "aP18_2_11" "aP15_2_05" 0.00700549223646345
"1857" "aP18_2_11" "aP60_3_11" 0.00709308769451175
"1858" "aP18_2_06" "aP18_2_11" 0.00718583868178042
"1859" "aP18_1_05" "aP18_2_11" 0.00761316542424141
"1860" "aP18_2_11" "aP60_4_06" 0.00792556549257027
"1861" "aP18_2_11" "aP60_4_02" 0.00805245481237355
"1862" "aP18_2_12" "aP15_2_12" 0.000883585529154445
"1863" "aP18_2_12" "aP60_2_05" 0.00113761915548766
"1864" "aP18_2_12" "aP18_3_05" 0.0014072998130322
"1865" "aP18_2_12" "aP60_5_07" 0.00146673056641598
"1866" "aP18_2_12" "aP18_3_10" 0.00178810311057115
"1867" "aP18_2_12" "aP18_3_09" 0.00189858954880427
"1868" "aP18_2_12" "aP60_2_02" 0.00190005554722613
"1869" "aP18_2_12" "aP18_3_08" 0.00217353368643624
"1870" "aP18_2_12" "aP18_2_13" 0.00228105413632706
"1871" "aP18_2_12" "aP15_2_13" 0.00254328471649378
"1872" "aP18_2_12" "aP60_3_02" 0.00263681808935257
"1873" "aP18_2_13" "aP18_3_08" 0.00101778402622139
"1874" "aP18_2_13" "aP15_2_12" 0.0017044659573294
"1875" "aP18_2_13" "aP60_1_17" 0.00172078724078968
"1876" "aP18_2_13" "aP60_3_11" 0.00173935020941202
"1877" "aP18_2_13" "aP60_1_03" 0.00190046928481386
"1878" "aP18_2_13" "aP60_5_07" 0.00190823319312624
"1879" "aP18_2_13" "aP18_3_12" 0.00224918459521128
"1880" "aP18_2_13" "aP18_3_10" 0.00234685262212859
"1881" "aP18_2_13" "aP60_5_09" 0.00234930518450692
"1882" "aP18_2_13" "aP60_3_02" 0.00243622350866752
"1883" "aP18_2_13" "aP60_2_05" 0.00250977911167083
"1884" "aP18_2_13" "aP60_1_15" 0.00255293166082998
"1885" "aP60_1_01" "aP60_4_03" 0.00206594464778031
"1886" "aP60_1_01" "aP60_5_14" 0.00292009506561261
"1887" "aP60_1_01" "aP60_2_12" 0.0029411705559303
"1888" "aP60_1_01" "aP60_4_12" 0.00296943073572824
"1889" "aP60_1_01" "aP60_4_10" 0.0030330077223882
"1890" "aP60_1_01" "aP60_4_09" 0.00347485688306235
"1891" "aP60_1_01" "aP60_5_05" 0.00358956643673785
"1892" "aP60_1_01" "aP60_3_08" 0.00423548015229862
"1893" "aP60_1_01" "aP60_4_01" 0.00425022617113302
"1894" "aP60_1_01" "aP60_3_04" 0.0045568075123625
"1895" "aP60_1_01" "aP60_2_14" 0.00474611969216399
"1896" "aP60_1_01" "aP60_2_01" 0.00475090891650082
"1897" "aP60_1_01" "aP60_5_13" 0.00487025141673254
"1898" "aP60_1_01" "aP60_3_03" 0.00496831975092636
"1899" "aP60_1_01" "aP60_3_14" 0.00498087286443694
"1900" "aP60_1_03" "aP18_3_12" 0.000523428934083423
"1901" "aP60_1_03" "aP60_1_17" 0.000698590612742995
"1902" "aP60_1_03" "aP60_3_02" 0.00072914743650222
"1903" "aP60_1_03" "aP60_2_07" 0.00083773918867957
"1904" "aP60_1_03" "aP18_3_08" 0.000916127132707586
"1905" "aP60_1_03" "aP60_5_07" 0.00134402478635665
"1906" "aP60_1_03" "aP60_1_15" 0.00180531594265499
"1907" "aP60_1_03" "aP15_2_12" 0.00185157251201656
"1908" "aP60_1_03" "aP60_1_11" 0.00204678816127663
"1909" "aP60_1_03" "aP60_2_05" 0.00207916777068545
"1910" "aP60_1_03" "aP60_2_11" 0.00224887213635062
"1911" "aP60_1_03" "aP60_4_02" 0.00228793292909258
"1912" "aP60_1_04" "aP60_1_09" 0.00378053357715854
"1913" "aP60_1_04" "aP60_1_07" 0.00561483452107972
"1914" "aP60_1_04" "aP60_4_06" 0.00598876184681623
"1915" "aP60_1_04" "aP60_5_09" 0.00617816713537481
"1916" "aP60_1_04" "aP60_1_18" 0.00628243064483357
"1917" "aP60_1_04" "aP60_3_11" 0.00646014866370172
"1918" "aP60_1_04" "aP18_2_14" 0.00649978568963935
"1919" "aP60_1_04" "aP60_3_15" 0.00650917275419864
"1920" "aP60_1_04" "aP15_2_20" 0.00652085593002359
"1921" "aP60_1_04" "aP60_1_08" 0.00664222669257735
"1922" "aP60_1_04" "aP60_4_02" 0.00669536113678776
"1923" "aP60_1_04" "aP60_3_12" 0.00679292611925447
"1924" "aP60_1_06" "aP60_5_08" 0.000476215821659207
"1925" "aP60_1_06" "aP60_1_12" 0.000721065296392087
"1926" "aP60_1_06" "aP60_4_11" 0.0012293578164952
"1927" "aP60_1_06" "aP60_5_12" 0.0013666890408064
"1928" "aP60_1_06" "aP60_2_04" 0.00203513768711093
"1929" "aP60_1_06" "aP60_5_02" 0.00208066589559753
"1930" "aP60_1_06" "aP60_1_18" 0.00208103696711459
"1931" "aP60_1_06" "aP60_5_01" 0.00208575095553964
"1932" "aP60_1_06" "aP60_3_15" 0.00210938107629662
"1933" "aP60_1_06" "aP60_4_14" 0.00231809582182511
"1934" "aP60_1_06" "aP60_1_11" 0.00244602533257987
"1935" "aP60_1_06" "aP60_4_06" 0.00250802221818814
"1936" "aP60_1_06" "aP60_3_06" 0.00288935080669888
"1937" "aP60_1_07" "aP60_5_09" 0.00139716040248497
"1938" "aP60_1_07" "aP15_2_20" 0.00194369969029635
"1939" "aP60_1_07" "aP60_3_11" 0.00242152035191655
"1940" "aP60_1_07" "aP18_2_14" 0.00247403954458657
"1941" "aP60_1_07" "aP60_1_09" 0.00287453285298269
"1942" "aP60_1_07" "aP15_2_05" 0.00349191740715228
"1943" "aP18_2_13" "aP60_1_07" 0.00366807009080429
"1944" "aP60_1_07" "aP60_4_02" 0.00424453845022406
"1945" "aP60_1_07" "aP60_1_14" 0.0043061657618372
"1946" "aP60_1_07" "aP18_3_10" 0.00446943920968699
"1947" "aP60_1_07" "aP60_3_12" 0.00452241536025167
"1948" "aP60_1_08" "aP60_5_11" 0.00289400962746211
"1949" "aP60_1_08" "aP60_4_07" 0.00361740694791682
"1950" "aP60_1_08" "aP60_4_16" 0.00437540176488876
"1951" "aP60_1_08" "aP60_3_15" 0.00498001227509575
"1952" "aP60_1_08" "aP60_4_14" 0.00509827932865729
"1953" "aP60_1_08" "aP60_1_18" 0.00618901735717257
"1954" "aP60_1_08" "aP60_4_06" 0.00643890449911459
"1955" "aP18_2_02" "aP60_1_08" 0.00661766646375703
"1956" "aP60_1_06" "aP60_1_08" 0.00684933634148563
"1957" "aP60_1_08" "aP60_5_01" 0.0071894846945812
"1958" "aP60_1_08" "aP60_5_08" 0.00732229924107112
"1959" "aP60_1_08" "aP60_1_12" 0.00743609684047106
"1960" "aP60_1_08" "aP60_5_02" 0.00745066640223706
"1961" "aP60_1_08" "aP60_1_16" 0.00755817777861564
"1962" "aP60_1_09" "aP18_2_14" 0.00276430104555372
"1963" "aP60_1_09" "aP15_2_20" 0.00291406121466084
"1964" "aP60_1_09" "aP60_5_09" 0.00410033895536321
"1965" "aP60_1_09" "aP15_2_05" 0.00474830992857876
"1966" "aP18_2_06" "aP60_1_09" 0.00491768675811475
"1967" "aP60_1_09" "aP60_3_11" 0.00493064133200278
"1968" "aP18_1_05" "aP60_1_09" 0.00612184288172927
"1969" "aP60_1_09" "aP60_1_14" 0.00623251449957261
"1970" "aP60_1_09" "aP60_4_02" 0.00626614406751845
"1971" "aP60_1_11" "aP60_4_11" 0.00129305845001939
"1972" "aP60_1_11" "aP60_2_11" 0.00133772222809805
"1973" "aP60_1_11" "aP60_2_04" 0.00134881294970253
"1974" "aP60_1_11" "aP18_3_12" 0.00159988533994522
"1975" "aP60_1_11" "aP60_1_12" 0.00174039151421588
"1976" "aP60_1_11" "aP60_2_07" 0.00177168984423067
"1977" "aP60_1_11" "aP60_5_12" 0.00190751565312841
"1978" "aP60_1_11" "aP60_3_02" 0.00200314793878887
"1979" "aP60_1_11" "aP60_5_08" 0.00206950710855788
"1980" "aP60_1_11" "aP60_5_02" 0.00208482207994871
"1981" "aP60_1_11" "aP60_1_15" 0.0021190281908879
"1982" "aP60_1_12" "aP60_5_08" 0.000504210147695619
"1983" "aP60_1_12" "aP60_4_11" 0.000513680139865374
"1984" "aP60_1_12" "aP60_5_12" 0.00119597840893185
"1985" "aP60_1_12" "aP60_2_04" 0.00159096768695912
"1986" "aP60_1_12" "aP60_5_02" 0.00164176789063942
"1987" "aP60_1_12" "aP60_1_18" 0.00207754296764307
"1988" "aP60_1_12" "aP60_4_06" 0.00239512082739809
"1989" "aP18_2_01" "aP60_1_12" 0.00251629849920377
"1990" "aP60_1_12" "aP60_3_15" 0.0025436716230987
"1991" "aP60_1_12" "aP60_5_01" 0.00257979344614587
"1992" "aP60_1_13" "aP60_5_06" 0.000546833775937256
"1993" "aP60_1_13" "aP60_4_04" 0.000655876440510058
"1994" "aP60_1_13" "aP60_5_16" 0.00120032061572426
"1995" "aP60_1_13" "aP60_4_05" 0.0012251347069542
"1996" "aP60_1_13" "aP60_4_13" 0.00156636816514548
"1997" "aP60_1_13" "aP60_4_08" 0.00182468178348513
"1998" "aP60_1_13" "aP60_3_01" 0.00208527476505622
"1999" "aP60_1_13" "aP60_1_16" 0.00217933762709322
"2000" "aP60_1_13" "aP60_2_06" 0.00237940896180888
"2001" "aP60_1_13" "aP60_3_03" 0.00252419973963181
"2002" "aP60_1_13" "aP60_3_09" 0.0029332017251357
"2003" "aP60_1_13" "aP60_2_01" 0.00298652224909827
"2004" "aP60_1_13" "aP60_4_09" 0.00335584078781763
"2005" "aP60_1_13" "aP60_2_16" 0.00348194439224411
"2006" "aP60_1_13" "aP60_5_01" 0.00348668523315856
"2007" "aP60_1_14" "aP15_2_05" 0.00175450955677475
"2008" "aP60_1_14" "aP60_5_10" 0.00193843759605271
"2009" "aP60_1_14" "aP15_2_11" 0.0031162740955324
"2010" "aP60_1_14" "aP15_2_20" 0.00332210908182884
"2011" "aP60_1_14" "aP18_3_10" 0.00362753411185928
"2012" "aP60_1_14" "aP18_2_14" 0.00363067472647238
"2013" "aP60_1_14" "aP60_2_08" 0.00395451617054446
"2014" "aP18_2_08" "aP60_1_14" 0.00397328214095438
"2015" "aP60_1_15" "aP60_3_12" 0.000510901496521034
"2016" "aP60_1_15" "aP60_4_02" 0.000577660907597109
"2017" "aP60_1_15" "aP60_1_17" 0.00118989671312507
"2018" "aP60_1_15" "aP60_5_02" 0.00124354870072041
"2019" "aP60_1_15" "aP18_3_12" 0.00143740655178783
"2020" "aP60_1_15" "aP60_4_06" 0.00210057755446785
"2021" "aP60_1_15" "aP18_3_08" 0.00213916211194472
"2022" "aP60_1_15" "aP60_4_11" 0.00216925021440129
"2023" "aP60_1_15" "aP60_3_11" 0.00230315265491249
"2024" "aP60_1_15" "aP60_1_18" 0.00237596767827382
"2025" "aP60_1_15" "aP60_2_07" 0.00239269956411492
"2026" "aP60_1_15" "aP60_3_02" 0.0024257659033225
"2027" "aP60_1_16" "aP60_4_08" 0.000430559196437627
"2028" "aP60_1_16" "aP60_5_16" 0.00193953559855501
"2029" "aP60_1_16" "aP60_4_04" 0.0020990601457736
"2030" "aP60_1_16" "aP60_5_06" 0.00241279550977015
"2031" "aP60_1_16" "aP60_4_05" 0.0031811645221132
"2032" "aP60_1_16" "aP60_4_16" 0.00320792725447986
"2033" "aP60_1_16" "aP60_5_13" 0.00330069858379025
"2034" "aP60_1_16" "aP60_3_01" 0.00356671761436914
"2035" "aP60_1_16" "aP60_5_01" 0.00373365986936006
"2036" "aP60_1_16" "aP60_4_13" 0.00374297487478587
"2037" "aP60_1_16" "aP60_4_14" 0.0041543259483877
"2038" "aP60_1_16" "aP60_4_07" 0.00435983560627078
"2039" "aP60_1_16" "aP60_2_06" 0.0044234271716986
"2040" "aP60_1_16" "aP60_3_03" 0.00455009097556352
"2041" "aP60_1_17" "aP18_3_12" 0.000642901693903338
"2042" "aP60_1_17" "aP18_3_08" 0.00100728421110177
"2043" "aP60_1_17" "aP60_3_02" 0.00141571647246944
"2044" "aP60_1_17" "aP60_2_07" 0.0014777408151331
"2045" "aP60_1_17" "aP60_4_02" 0.00161681991775615
"2046" "aP60_1_17" "aP60_3_12" 0.0016762128268931
"2047" "aP60_1_17" "aP60_5_07" 0.00189863795760259
"2048" "aP60_1_11" "aP60_1_17" 0.00214935310846511
"2049" "aP60_1_17" "aP15_2_12" 0.00227060679673905
"2050" "aP60_1_17" "aP60_5_02" 0.00233033975303602
"2051" "aP60_1_18" "aP60_4_06" 0.000510182140910832
"2052" "aP60_1_18" "aP60_5_02" 0.0012726073805983
"2053" "aP60_1_18" "aP60_3_15" 0.001427301127449
"2054" "aP60_1_18" "aP60_3_12" 0.00198133080796998
"2055" "aP60_1_18" "aP60_4_11" 0.00213005751294175
"2056" "aP60_1_18" "aP60_4_02" 0.00219585498582868
"2057" "aP60_1_18" "aP60_5_08" 0.00237985025627195
"2058" "aP60_1_11" "aP60_1_18" 0.00320404834970105
"2059" "aP60_1_18" "aP60_5_12" 0.00325561801332048
"2060" "aP60_1_18" "aP60_4_14" 0.00330117218659895
"2061" "aP18_1_18" "aP60_1_18" 0.00334864809083796
"2062" "aE17.5_2_22" "aP0_3_05" 0.00902838056198177
"2063" "aP0_1_08" "aE17.5_2_22" 0.0104797031476778
"2064" "aP0_1_17" "aE17.5_2_22" 0.0126225302910557
"2065" "aE17.5_1_23" "aE17.5_2_22" 0.0134509464193503
"2066" "aP0_1_20" "aE17.5_2_22" 0.0135742822193592
"2067" "aE17.5_2_23" "aP0_3_07" 0.00284801853409948
"2068" "aE17.5_2_23" "aP0_3_01" 0.00496083182293816
"2069" "aE17.5_1_09" "aE17.5_2_23" 0.00510248926217157
"2070" "aP0_2_12" "aP0_2_13" 0.00395958864270212
"2071" "aP0_2_12" "aP0_3_11" 0.00516992350140798
"2072" "aP0_2_12" "aP0_2_14" 0.00550798694445369
"2073" "aP0_2_12" "aP0_3_10" 0.00570258144629229
"2074" "aP0_2_12" "aP0_3_12" 0.00594986793287408
"2075" "aP0_2_12" "aP0_3_15" 0.00652268059379779
"2076" "aP0_2_12" "aP0_3_04" 0.007064469519696
"2077" "aP0_2_12" "aP0_3_06" 0.0072765726916517
"2078" "aP0_1_10" "aP0_2_12" 0.00754599709036477
"2079" "aP0_2_07" "aP0_2_12" 0.00794872872056136
"2080" "aP0_2_06" "aP0_2_12" 0.00802600747652585
"2081" "aE17.5_1_23" "aP0_2_12" 0.00841635735892602
"2082" "aP0_2_13" "aP0_3_11" 0.00553866275157294
"2083" "aP0_2_03" "aP0_2_13" 0.00616308144764663
"2084" "aE17.5_1_23" "aP0_2_13" 0.0069212248713891
"2085" "aP0_2_07" "aP0_2_13" 0.00728981594742676
"2086" "aP0_1_10" "aP0_2_13" 0.00829337857500036
"2087" "aP0_2_13" "aP0_3_12" 0.00845871277623765
"2088" "aP0_2_13" "aP0_2_14" 0.0090661561364307
"2089" "aP0_2_13" "aP0_3_14" 0.00919138676928619
"2090" "aP0_2_04" "aP0_2_13" 0.00922435977100477
"2091" "aP0_2_13" "aP0_3_10" 0.00929104896511042
"2092" "aP0_2_14" "aP0_3_10" 0.000246691159692202
"2093" "aP0_2_14" "aP0_3_04" 0.00226708776898969
"2094" "aP0_2_14" "aP0_3_06" 0.00272566116990047
"2095" "aP0_2_14" "aP0_3_15" 0.00442423862645439
"2096" "aP0_2_14" "aP0_3_16" 0.00629843793440412
"2097" "aP0_2_14" "aP0_3_12" 0.00866586170826984
"2098" "aP0_2_14" "aP0_3_09" 0.00930148221304688
"2099" "aP0_2_14" "aP0_3_11" 0.0100538225160076
"2100" "aP0_2_03" "aP0_2_14" 0.0106043723730686
"2101" "aP18_2_14" "aP15_2_20" 0.000648827581098798
"2102" "aP18_2_14" "aP15_2_05" 0.00200901696756621
"2103" "aP18_2_14" "aP60_5_09" 0.00377314297994425
"2104" "aP18_1_07" "aP18_2_14" 0.00421881347149078
"2105" "aP18_2_14" "aP60_3_11" 0.00483037855768535
"2106" "aP9_2_12" "aP18_2_14" 0.00501377847229908
"2107" "aE17.5_4_01" "aE17.5_4_08" 0.00572938028145602
"2108" "aE17.5_4_01" "aE17.5_4_03" 0.00747208781039677
"2109" "aE17.5_4_01" "aE17.5_4_07" 0.00767017025810377
"2110" "aE17.5_2_06" "aE17.5_4_01" 0.00814822999019714
"2111" "aE17.5_4_02" "aP0_3_14" 0.00179259850020216
"2112" "aP0_1_02" "aE17.5_4_02" 0.00486931025211414
"2113" "aE17.5_4_02" "aP0_3_03" 0.00516883797842357
"2114" "aE17.5_4_03" "aE17.5_4_07" 0.00369987906122691
"2115" "aE17.5_4_03" "aE17.5_4_08" 0.00479548940353758
"2116" "aE17.5_1_28" "aE17.5_4_03" 0.00661847316897593
"2117" "aE17.5_4_04" "aE17.5_4_06" 0.00474500744461095
"2118" "aE17.5_4_04" "aP0_3_13" 0.0180104848403114
"2119" "aP0_1_04" "aE17.5_4_04" 0.0246436306853589
"2120" "aE17.5_2_08" "aE17.5_4_04" 0.024766532983451
"2121" "aP0_1_15" "aE17.5_4_04" 0.0295606983278163
"2122" "aE17.5_2_07" "aE17.5_4_04" 0.0297978677340651
"2123" "aE17.5_4_04" "aP0_3_05" 0.0313913127272649
"2124" "aP0_1_09" "aE17.5_4_04" 0.0316177467033455
"2125" "aE17.5_2_05" "aE17.5_4_04" 0.0322375595056516
"2126" "aE17.5_1_27" "aE17.5_4_04" 0.0323699406129361
"2127" "aP0_1_12" "aE17.5_4_04" 0.0332559296306759
"2128" "aE17.5_4_05" "aP0_3_01" 0.000930732558003132
"2129" "aE17.5_1_03" "aE17.5_4_05" 0.00486294294613402
"2130" "aE17.5_2_23" "aE17.5_4_05" 0.00524583208676751
"2131" "aE17.5_2_18" "aE17.5_4_06" 0.0218083433157612
"2132" "aE17.5_4_06" "aP0_3_13" 0.0222601032278691
"2133" "aE17.5_2_20" "aE17.5_4_06" 0.0239696549603436
"2134" "aE17.5_2_08" "aE17.5_4_06" 0.0282780086168117
"2135" "aP0_1_04" "aE17.5_4_06" 0.0292896173224594
"2136" "aE17.5_2_07" "aE17.5_4_06" 0.0322575542164731
"2137" "aP0_1_15" "aE17.5_4_06" 0.0341726945549703
"2138" "aE17.5_4_06" "aP0_3_05" 0.0352708455659436
"2139" "aE17.5_1_27" "aE17.5_4_06" 0.0359028803983378
"2140" "aE17.5_2_05" "aE17.5_4_06" 0.0360092664338428
"2141" "aP0_1_09" "aE17.5_4_06" 0.0361579443286287
"2142" "aP0_1_21" "aE17.5_4_06" 0.0364036872888462
"2143" "aP0_3_02" "aP0_3_03" 0.0027002658613194
"2144" "aE17.5_2_10" "aP0_3_02" 0.00411285109208449
"2145" "aP0_2_02" "aP0_3_02" 0.00421987023806388
"2146" "aP0_1_03" "aP0_3_02" 0.00455510163221605
"2147" "aP0_3_02" "aP0_3_07" 0.00506189700119086
"2148" "aP0_3_03" "aP0_3_14" 0.00450274796564063
"2149" "aE17.5_1_29" "aP0_3_03" 0.00459018053195923
"2150" "aP0_3_04" "aP0_3_06" 0.000505817677634959
"2151" "aP0_3_04" "aP0_3_10" 0.00203109175561249
"2152" "aP0_3_04" "aP0_3_15" 0.00320626924601479
"2153" "aP0_3_04" "aP0_3_16" 0.00768288062866929
"2154" "aP0_3_04" "aP0_3_09" 0.00835288065114897
"2155" "aP0_3_04" "aP0_3_12" 0.00866589016315424
"2156" "aP0_2_05" "aP0_3_04" 0.0096031316127329
"2157" "aP0_2_06" "aP0_3_04" 0.0106970285004112
"2158" "aP0_2_13" "aP0_3_04" 0.0108882133861361
"2159" "aP0_3_04" "aP0_3_11" 0.0109074521204277
"2160" "aE17.5_3_03" "aP0_3_05" 0.0107968125328446
"2161" "aP0_3_05" "aP0_3_08" 0.0128743360834839
"2162" "aP0_3_06" "aP0_3_10" 0.00249678877348615
"2163" "aP0_3_06" "aP0_3_15" 0.00287701877389746
"2164" "aP0_3_06" "aP0_3_09" 0.00800073209098813
"2165" "aP0_3_06" "aP0_3_16" 0.00816599456013963
"2166" "aP0_3_06" "aP0_3_12" 0.00850603104575536
"2167" "aP0_2_05" "aP0_3_06" 0.00972612493011112
"2168" "aP0_2_06" "aP0_3_06" 0.0104878026828394
"2169" "aP0_3_06" "aP0_3_11" 0.0109211348585592
"2170" "aP0_2_13" "aP0_3_06" 0.0111472235189511
"2171" "aE17.5_2_10" "aP0_3_07" 0.00418671003590407
"2172" "aE17.5_1_24" "aP0_3_08" 0.00650942179464415
"2173" "aE17.5_1_01" "aP0_3_08" 0.00700015843935325
"2174" "aE17.5_3_08" "aP0_3_08" 0.00750708980104373
"2175" "aE17.5_1_08" "aP0_3_08" 0.00779608914277849
"2176" "aE17.5_1_02" "aP0_3_08" 0.00840795121165789
"2177" "aE17.5_1_21" "aP0_3_08" 0.00858967971662027
"2178" "aP0_1_06" "aP0_3_08" 0.00903083621819935
"2179" "aE17.5_1_03" "aP0_3_08" 0.00908235436173205
"2180" "aP0_3_09" "aP0_3_12" 0.0037487250657397
"2181" "aP0_3_09" "aP0_3_15" 0.00514783737636582
"2182" "aP0_1_10" "aP0_3_09" 0.00690730817249412
"2183" "aP0_2_03" "aP0_3_09" 0.00775005161162121
"2184" "aP0_3_09" "aP0_3_11" 0.00782694854307624
"2185" "aP0_3_03" "aP0_3_09" 0.00862162770895166
"2186" "aP0_2_12" "aP0_3_09" 0.00872287352025219
"2187" "aP0_2_05" "aP0_3_09" 0.00877302179990626
"2188" "aP0_1_01" "aP0_3_09" 0.00887675530103092
"2189" "aP0_3_09" "aP0_3_10" 0.00923961071855308
"2190" "aP0_3_10" "aP0_3_15" 0.0043061452348747
"2191" "aP0_3_10" "aP0_3_16" 0.00636202307476589
"2192" "aP0_2_05" "aP0_3_10" 0.00849738790098896
"2193" "aP0_3_10" "aP0_3_12" 0.00870567978923904
"2194" "aP0_3_10" "aP0_3_11" 0.0101875846910239
"2195" "aP0_2_03" "aP0_3_10" 0.0107297648055816
"2196" "aP0_3_11" "aP0_3_12" 0.00408630680217056
"2197" "aP0_3_11" "aP0_3_14" 0.0046676098976507
"2198" "aP0_1_20" "aP0_3_11" 0.00599443714671709
"2199" "aP0_2_02" "aP0_3_11" 0.0061314381795727
"2200" "aP0_1_03" "aP0_3_11" 0.00625005064205098
"2201" "aP0_3_12" "aP0_3_15" 0.00588720758067303
"2202" "aP0_2_07" "aP0_3_12" 0.00613306044172894
"2203" "aP0_2_04" "aP0_3_12" 0.00653237360758215
"2204" "aP0_1_01" "aP0_3_12" 0.00703906100982552
"2205" "aP0_3_03" "aP0_3_12" 0.00713469269992496
"2206" "aP0_3_12" "aP0_3_14" 0.00715480176468549
"2207" "aP0_1_15" "aP0_3_13" 0.0208642014536318
"2208" "aP0_1_09" "aP0_3_13" 0.0236125686269381
"2209" "aE17.5_2_18" "aP0_3_13" 0.0260320180456612
"2210" "aE17.5_2_08" "aP0_3_13" 0.0267092104830379
"2211" "aP0_1_12" "aP0_3_13" 0.029159333860384
"2212" "aP0_3_05" "aP0_3_13" 0.0295144188528966
"2213" "aE17.5_2_20" "aP0_3_13" 0.0297591255765476
"2214" "aP0_1_11" "aP0_3_13" 0.0304166924112672
"2215" "aE17.5_2_05" "aP0_3_13" 0.0309167341116423
"2216" "aE17.5_1_12" "aP0_3_14" 0.0045084081557053
"2217" "aP9_4_01" "aP18_3_03" 0.00357632960522139
"2218" "aP9_4_01" "aP60_5_04" 0.00398889280336766
"2219" "aP9_4_01" "aP15_2_09" 0.00452778599964405
"2220" "aP9_4_01" "aP60_5_15" 0.00459300252321333
"2221" "aP9_4_01" "aP9_4_08" 0.00592678526482418
"2222" "aP9_4_01" "aP15_2_01" 0.00623530072781143
"2223" "aP9_4_01" "aP9_4_03" 0.00706088618878722
"2224" "aP15_1_19" "aP9_4_01" 0.00722429558943458
"2225" "aP9_4_01" "aP9_4_04" 0.00763991618005512
"2226" "aP9_4_01" "aP18_3_04" 0.00779701381605677
"2227" "aP15_1_10" "aP9_4_01" 0.00805576314057556
"2228" "aP9_4_01" "aP15_2_02" 0.00823297353147289
"2229" "aP9_4_02" "aP9_4_09" 0.00407834929419492
"2230" "aP9_4_02" "aP15_2_21" 0.00916040557721692
"2231" "aP9_4_02" "aP9_4_15" 0.00919526538745085
"2232" "aP9_2_21" "aP9_4_02" 0.0118532098140911
"2233" "aP9_4_02" "aP9_4_11" 0.0137275452222793
"2234" "aP9_4_02" "aP9_4_07" 0.0138789391358361
"2235" "aP9_2_22" "aP9_4_02" 0.0144147191100471
"2236" "aP9_4_02" "aP60_5_04" 0.0153488898575275
"2237" "aP15_1_17" "aP9_4_02" 0.0155778487708264
"2238" "aP15_1_18" "aP9_4_02" 0.0156153968988089
"2239" "aP9_2_16" "aP9_4_02" 0.0159018335756143
"2240" "aP9_4_02" "aP9_4_03" 0.0167333103866688
"2241" "aP9_2_02" "aP9_4_02" 0.0171953697052916
"2242" "aP9_4_03" "aP9_4_08" 0.00316312381181725
"2243" "aP9_4_03" "aP60_5_04" 0.00358335545561914
"2244" "aP9_4_03" "aP18_3_02" 0.00413036040183283
"2245" "aP9_4_03" "aP15_2_09" 0.00472113441120183
"2246" "aP9_4_03" "aP9_4_06" 0.00482960292755036
"2247" "aP15_1_13" "aP9_4_03" 0.00559702800971444
"2248" "aP9_4_03" "aP15_2_10" 0.0058798617290484
"2249" "aP9_4_03" "aP15_2_01" 0.00589469664453091
"2250" "aP9_4_04" "aP15_2_02" 0.000593584110550973
"2251" "aP9_4_04" "aP15_2_08" 0.00119415330715087
"2252" "aP9_4_04" "aP18_3_04" 0.00122356874120101
"2253" "aP9_4_04" "aP15_2_01" 0.00184411927367182
"2254" "aP9_4_04" "aP18_3_06" 0.00252362419178201
"2255" "aP9_4_04" "aP15_2_06" 0.00256452050225735
"2256" "aP9_4_04" "aP15_2_13" 0.0032210936453876
"2257" "aP9_4_04" "aP15_2_09" 0.00377092051718414
"2258" "aP15_1_16" "aP9_4_04" 0.0042553043547407
"2259" "aP9_4_05" "aP9_4_06" 0.00165979406001639
"2260" "aP9_4_05" "aP15_2_10" 0.00205965233073669
"2261" "aP9_4_05" "aP18_3_02" 0.00314619172929811
"2262" "aP9_4_05" "aP15_2_03" 0.00315999901176138
"2263" "aP9_4_05" "aP15_2_11" 0.00402596133971391
"2264" "aP15_1_12" "aP9_4_05" 0.00462659423523915
"2265" "aP9_4_06" "aP18_3_02" 0.00148644272340395
"2266" "aP9_4_06" "aP15_2_10" 0.00319143646864352
"2267" "aP9_4_06" "aP15_2_03" 0.00458425577338023
"2268" "aP9_4_06" "aP9_4_08" 0.00516657847823095
"2269" "aP9_4_06" "aP15_2_11" 0.00560740582074597
"2270" "aP9_4_07" "aP9_4_09" 0.00986183509778275
"2271" "aP9_4_07" "aP9_4_13" 0.0137185888884365
"2272" "aP9_2_17" "aP9_4_07" 0.0188760500753864
"2273" "aP9_4_07" "aP15_2_21" 0.0204627547979252
"2274" "aP9_4_07" "aP9_4_15" 0.0220623257292067
"2275" "aP9_4_07" "aP9_4_11" 0.0221720357437156
"2276" "aP15_1_07" "aP9_4_07" 0.0233579587862523
"2277" "aP9_4_07" "aP9_4_10" 0.0240361725110283
"2278" "aP9_2_21" "aP9_4_07" 0.0250289814747898
"2279" "aP15_1_17" "aP9_4_07" 0.0272953013800318
"2280" "aP9_4_07" "aP60_5_04" 0.0274536232236616
"2281" "aP9_4_01" "aP9_4_07" 0.0281985665564434
"2282" "aP9_4_08" "aP15_2_09" 0.00193776198889145
"2283" "aP9_4_08" "aP15_2_01" 0.00273166982595969
"2284" "aP9_4_08" "aP15_2_10" 0.00425371303717223
"2285" "aP9_4_08" "aP60_5_04" 0.0042934035544906
"2286" "aP15_1_10" "aP9_4_08" 0.00438723771439561
"2287" "aP9_4_04" "aP9_4_08" 0.00447000330503396
"2288" "aP9_2_11" "aP9_4_08" 0.0047742840151281
"2289" "aP9_4_08" "aP15_2_02" 0.00488547756867746
"2290" "aP15_1_13" "aP9_4_08" 0.00503092798632988
"2291" "aP9_4_09" "aP15_2_21" 0.0115270127375882
"2292" "aP9_4_09" "aP9_4_15" 0.0129746322758009
"2293" "aP15_1_07" "aP9_4_09" 0.0136315711768298
"2294" "aP9_4_09" "aP9_4_11" 0.0148870307509051
"2295" "aP9_2_21" "aP9_4_09" 0.0157727671967047
"2296" "aP9_2_22" "aP9_4_09" 0.0184190381496917
"2297" "aP9_4_09" "aP9_4_13" 0.0188282252580536
"2298" "aP9_4_09" "aP60_5_04" 0.0189367606403015
"2299" "aP15_1_17" "aP9_4_09" 0.019032848105189
"2300" "aP15_1_18" "aP9_4_09" 0.0196920089333585
"2301" "aP9_4_10" "aP9_4_13" 0.0104588128913873
"2302" "aP9_4_10" "aP9_4_11" 0.0288978228234571
"2303" "aP9_4_09" "aP9_4_10" 0.0289589937163441
"2304" "aP9_2_17" "aP9_4_10" 0.031712394875326
"2305" "aP9_4_10" "aP15_2_21" 0.0320670842073386
"2306" "aP9_4_02" "aP9_4_10" 0.0322164468396132
"2307" "aP0_1_16" "aP9_4_10" 0.0402270541982464
"2308" "aP15_1_07" "aP9_4_10" 0.0405047796965463
"2309" "aP9_4_10" "aP9_4_15" 0.0413365928534881
"2310" "aP9_2_22" "aP9_4_10" 0.0433311800043621
"2311" "aP9_4_11" "aP15_2_21" 0.00565911044652428
"2312" "aP9_2_02" "aP9_4_11" 0.0148215496733793
"2313" "aP15_1_07" "aP9_4_11" 0.0156596868459859
"2314" "aP9_2_22" "aP9_4_11" 0.0159754320045123
"2315" "aP9_4_11" "aP9_4_14" 0.0169894767765864
"2316" "aP9_2_05" "aP9_4_11" 0.0186589195774592
"2317" "aP9_4_11" "aP9_4_15" 0.0187293843930663
"2318" "aP15_1_18" "aP9_4_11" 0.018843414337097
"2319" "aP9_2_16" "aP9_4_11" 0.0194165940550189
"2320" "aP9_2_21" "aP9_4_11" 0.0196435094556186
"2321" "aP9_3_07" "aP9_4_11" 0.0204154431291472
"2322" "aP9_4_12" "aP18_3_11" 0.00177420822461282
"2323" "aP9_4_12" "aP60_2_08" 0.00260318548346738
"2324" "aP9_4_12" "aP15_2_17" 0.00301006660130867
"2325" "aP9_4_12" "aP15_2_14" 0.00395355192339753
"2326" "aP9_4_12" "aP15_2_16" 0.00405565130090773
"2327" "aP9_4_11" "aP9_4_13" 0.0221534219234439
"2328" "aP9_4_02" "aP9_4_13" 0.0223600257362842
"2329" "aP9_2_17" "aP9_4_13" 0.0231637425576211
"2330" "aP9_4_13" "aP15_2_21" 0.0239194109624213
"2331" "aP15_1_07" "aP9_4_13" 0.0312111083143593
"2332" "aP9_4_13" "aP9_4_15" 0.0315546013762606
"2333" "aP9_2_21" "aP9_4_13" 0.034123843976389
"2334" "aP0_1_07" "aP9_4_13" 0.034675828909323
"2335" "aP9_2_22" "aP9_4_13" 0.034699488266462
"2336" "aP9_2_05" "aP9_4_14" 0.0095580970823885
"2337" "aP9_2_15" "aP9_4_14" 0.0103583620993689
"2338" "aP9_2_01" "aP9_4_14" 0.0104676480067081
"2339" "aP9_2_08" "aP9_4_14" 0.0113144360828507
"2340" "aP9_3_01" "aP9_4_14" 0.0124562514109095
"2341" "aP9_2_22" "aP9_4_14" 0.0130462587378853
"2342" "aP9_2_20" "aP9_4_14" 0.013203704428274
"2343" "aP9_4_14" "aP15_2_15" 0.0138927170038422
"2344" "aP9_3_08" "aP9_4_14" 0.0143001732863683
"2345" "aP9_3_04" "aP9_4_14" 0.014327123349604
"2346" "aP15_1_04" "aP9_4_14" 0.0144988125434716
"2347" "aP15_1_14" "aP9_4_14" 0.0146974083761579
"2348" "aP9_4_14" "aP15_2_19" 0.0148993517357789
"2349" "aP9_4_15" "aP60_5_04" 0.0062537107266432
"2350" "aP9_4_03" "aP9_4_15" 0.00766659093429463
"2351" "aP9_2_16" "aP9_4_15" 0.00869001519086813
"2352" "aP15_1_18" "aP9_4_15" 0.00869456629130181
"2353" "aP9_4_01" "aP9_4_15" 0.00909228759620043
"2354" "aP9_3_05" "aP9_4_15" 0.00970777913179407
"2355" "aP9_4_08" "aP9_4_15" 0.0100771711313215
"2356" "aP9_4_15" "aP15_2_09" 0.0105860416066268
"2357" "aP9_2_18" "aP9_4_15" 0.0107498766221272
"2358" "aP9_2_06" "aP9_4_15" 0.0108395752982727
"2359" "aP15_2_01" "aP15_2_09" 0.00198479602005408
"2360" "aP15_2_01" "aP15_2_02" 0.00236340670728438
"2361" "aP15_2_01" "aP18_3_04" 0.00277639784767263
"2362" "aP15_2_01" "aP15_2_08" 0.00297013758401696
"2363" "aP15_2_01" "aP15_2_06" 0.00419875040994236
"2364" "aP15_2_01" "aP18_3_06" 0.00434975861734584
"2365" "aP9_2_11" "aP15_2_01" 0.00439213421179158
"2366" "aP15_2_01" "aP15_2_10" 0.00443921158469176
"2367" "aP15_2_02" "aP15_2_08" 0.000612717015639706
"2368" "aP15_2_02" "aP18_3_04" 0.00130919732886873
"2369" "aP15_2_02" "aP18_3_06" 0.00198893485047891
"2370" "aP15_2_02" "aP15_2_06" 0.00241795271659897
"2371" "aP15_2_02" "aP15_2_13" 0.00262861682835966
"2372" "aP15_1_16" "aP15_2_02" 0.00366912865567332
"2373" "aP15_2_02" "aP15_2_07" 0.00409474553756887
"2374" "aP15_2_03" "aP15_2_11" 0.00136236523976026
"2375" "aP15_2_03" "aP60_2_08" 0.00294867766908634
"2376" "aP15_2_03" "aP15_2_16" 0.00398655682030096
"2377" "aP15_2_03" "aP60_5_10" 0.00404405383215579
"2378" "aP15_2_03" "aP15_2_10" 0.00406408382604738
"2379" "aP60_1_14" "aP15_2_03" 0.00430704880919738
"2380" "aP15_1_20" "aP15_2_03" 0.00454019728413998
"2381" "aP15_2_04" "aP15_2_18" 0.00110181455541
"2382" "aP15_2_04" "aP18_3_11" 0.00433051248263952
"2383" "aP9_4_12" "aP15_2_04" 0.00488839424913925
"2384" "aP15_1_20" "aP15_2_04" 0.00573406507726246
"2385" "aP9_2_12" "aP15_2_04" 0.00578325829172737
"2386" "aP15_2_04" "aP15_2_17" 0.00604746171182299
"2387" "aP15_1_24" "aP15_2_04" 0.00611892467600136
"2388" "aP15_2_04" "aP15_2_05" 0.00670304366041921
"2389" "aP18_2_14" "aP15_2_04" 0.00673459077825746
"2390" "aP18_2_06" "aP15_2_04" 0.00678640749042466
"2391" "aP9_2_19" "aP15_2_04" 0.00687693097547326
"2392" "aP15_2_05" "aP15_2_20" 0.00190227906163768
"2393" "aP15_2_05" "aP60_5_10" 0.00354391242699569
"2394" "aP15_2_05" "aP18_3_11" 0.00405647170420526
"2395" "aP18_2_04" "aP15_2_05" 0.00425039926942398
"2396" "aP15_2_05" "aP60_5_09" 0.00434121237512213
"2397" "aP15_1_06" "aP15_2_05" 0.0044819486480182
"2398" "aP15_2_06" "aP18_3_04" 0.00142329785351145
"2399" "aP15_2_06" "aP18_3_06" 0.00201021011339136
"2400" "aP15_2_06" "aP15_2_08" 0.00224145635439635
"2401" "aP15_2_06" "aP60_3_07" 0.00242994655063223
"2402" "aP15_2_06" "aP15_2_07" 0.00250200201354132
"2403" "aP15_2_06" "aP18_3_07" 0.0026183232026003
"2404" "aP15_2_06" "aP15_2_13" 0.00319917643427749
"2405" "aP18_2_05" "aP15_2_06" 0.00347032030094327
"2406" "aP15_2_06" "aP18_3_09" 0.00383523904627657
"2407" "aP15_2_06" "aP18_3_05" 0.00398139065226867
"2408" "aP15_2_07" "aP60_3_07" 0.00116247365677957
"2409" "aP15_2_07" "aP18_3_09" 0.00178339020486319
"2410" "aP15_2_07" "aP60_2_02" 0.00189070150573748
"2411" "aP15_2_07" "aP18_3_05" 0.00223358230650324
"2412" "aP15_2_07" "aP18_3_06" 0.00230444515526341
"2413" "aP15_2_07" "aP60_2_05" 0.00279962069137155
"2414" "aP18_1_11" "aP15_2_07" 0.00282263538691576
"2415" "aP15_2_07" "aP60_2_13" 0.00283506751129299
"2416" "aP15_2_07" "aP15_2_13" 0.00287275257877874
"2417" "aP15_2_07" "aP60_5_07" 0.00336558032606408
"2418" "aP15_2_07" "aP60_2_11" 0.00346298211297104
"2419" "aP15_2_08" "aP18_3_06" 0.00139857540397892
"2420" "aP15_2_08" "aP18_3_04" 0.00149498368623971
"2421" "aP15_2_08" "aP15_2_13" 0.00203446148544478
"2422" "aP15_2_07" "aP15_2_08" 0.00358875939689591
"2423" "aP15_2_08" "aP18_3_05" 0.00374502110154761
"2424" "aP15_2_08" "aP18_3_09" 0.00395122981482654
"2425" "aP15_2_02" "aP15_2_09" 0.00432422590465053
"2426" "aP15_2_09" "aP60_5_04" 0.00436484910018511
"2427" "aP15_2_09" "aP18_3_04" 0.00448012417780179
"2428" "aP15_1_03" "aP15_2_09" 0.00490628267761513
"2429" "aP15_2_08" "aP15_2_09" 0.00493595464405483
"2430" "aP15_2_09" "aP15_2_10" 0.0055302515195434
"2431" "aP15_1_10" "aP15_2_10" 0.0041360923164978
"2432" "aP15_2_10" "aP15_2_11" 0.00429868671068891
"2433" "aP15_2_10" "aP18_3_02" 0.00449910837692274
"2434" "aP15_2_02" "aP15_2_10" 0.00461008101343007
"2435" "aP15_2_11" "aP60_5_10" 0.0026833445876513
"2436" "aP15_2_11" "aP60_2_08" 0.00318525478448654
"2437" "aP15_2_12" "aP60_5_07" 0.000664541833179087
"2438" "aP15_2_12" "aP60_2_05" 0.000848211078219514
"2439" "aP15_2_12" "aP18_3_08" 0.00133301864795303
"2440" "aP15_2_12" "aP18_3_05" 0.00163186716630235
"2441" "aP15_2_12" "aP60_2_02" 0.00176103970555665
"2442" "aP15_2_12" "aP60_3_02" 0.00182172443457373
"2443" "aP15_2_12" "aP18_3_09" 0.00187531965309527
"2444" "aP15_2_12" "aP60_2_07" 0.00207521307714088
"2445" "aP15_2_12" "aP18_3_10" 0.00224262142229241
"2446" "aP15_2_13" "aP18_3_06" 0.00119024013568931
"2447" "aP15_2_13" "aP18_3_05" 0.00191040203759418
"2448" "aP15_2_13" "aP18_3_09" 0.0023103871610158
"2449" "aP15_2_13" "aP60_2_02" 0.00254813991534091
"2450" "aP15_2_13" "aP60_2_05" 0.00275019425187934
"2451" "aP18_1_11" "aP15_2_13" 0.00314224754066554
"2452" "aP15_2_14" "aP15_2_16" 0.00164094380712455
"2453" "aP15_2_14" "aP15_2_17" 0.00319869465447237
"2454" "aP15_2_14" "aP60_2_08" 0.00432049050148647
"2455" "aP15_2_15" "aP15_2_19" 0.00115464818641071
"2456" "aP15_2_15" "aP18_3_01" 0.00196284099472863
"2457" "aP15_1_22" "aP15_2_15" 0.0066657307568576
"2458" "aP15_1_04" "aP15_2_15" 0.00719563984066283
"2459" "aP9_3_04" "aP15_2_15" 0.00737080475738308
"2460" "aP15_2_15" "aP15_2_17" 0.00741718490089268
"2461" "aP9_3_01" "aP15_2_15" 0.00821742505738981
"2462" "aP9_2_07" "aP15_2_15" 0.00868524170984384
"2463" "aP15_2_16" "aP60_2_08" 0.00337576382203523
"2464" "aP15_2_16" "aP15_2_17" 0.00443632618689062
"2465" "aP15_2_17" "aP18_3_11" 0.00470598327616182
"2466" "aP15_2_17" "aP60_2_08" 0.00513300138756907
"2467" "aP15_2_18" "aP18_3_11" 0.00518889949042483
"2468" "aP9_4_12" "aP15_2_18" 0.00545752028091465
"2469" "aP15_2_17" "aP15_2_18" 0.00607310458705904
"2470" "aP18_2_07" "aP15_2_18" 0.00647987173484483
"2471" "aP9_2_12" "aP15_2_18" 0.00669716397680995
"2472" "aP15_1_20" "aP15_2_18" 0.00673371755508053
"2473" "aP9_2_19" "aP15_2_18" 0.00734298277587899
"2474" "aP15_2_18" "aP60_2_08" 0.00766404260336503
"2475" "aP15_2_05" "aP15_2_18" 0.00779646804165447
"2476" "aP18_2_14" "aP15_2_18" 0.00782324078213702
"2477" "aP15_2_19" "aP18_3_01" 0.00128641363034108
"2478" "aP15_1_24" "aP15_2_19" 0.00612534501718041
"2479" "aP18_2_09" "aP15_2_19" 0.00621888160762896
"2480" "aP15_1_22" "aP15_2_19" 0.00668721600734906
"2481" "aP9_2_01" "aP15_2_19" 0.00706676901079676
"2482" "aP15_2_17" "aP15_2_19" 0.00786221018828091
"2483" "aP15_1_04" "aP15_2_19" 0.00799296135382849
"2484" "aP9_3_04" "aP15_2_19" 0.00819293668300326
"2485" "aP9_3_01" "aP15_2_19" 0.00921658460700254
"2486" "aP9_2_07" "aP15_2_19" 0.00943446005128463
"2487" "aP15_2_20" "aP60_5_09" 0.00317558773786606
"2488" "aP15_2_20" "aP60_3_11" 0.00423254576333552
"2489" "aP15_2_20" "aP60_5_10" 0.00463934185381224
"2490" "aP18_2_04" "aP15_2_20" 0.00492235313479312
"2491" "aP15_1_07" "aP15_2_21" 0.0101025912886303
"2492" "aP9_2_22" "aP15_2_21" 0.0113606463205501
"2493" "aP9_2_02" "aP15_2_21" 0.0115785451363684
"2494" "aP9_4_15" "aP15_2_21" 0.0130707869543288
"2495" "aP15_1_18" "aP15_2_21" 0.0139855366103642
"2496" "aP9_2_21" "aP15_2_21" 0.0140608004751251
"2497" "aP9_2_16" "aP15_2_21" 0.0145210865318019
"2498" "aP9_2_05" "aP15_2_21" 0.0151791872488046
"2499" "aP9_4_14" "aP15_2_21" 0.0165062371175589
"2500" "aP9_2_06" "aP15_2_21" 0.018058226758691
"2501" "aP15_2_17" "aP18_3_01" 0.00698601570230813
"2502" "aP9_2_01" "aP18_3_01" 0.00730513336655583
"2503" "aP15_1_04" "aP18_3_01" 0.00751134422709011
"2504" "aP9_3_04" "aP18_3_01" 0.00774262548801628
"2505" "aP15_2_18" "aP18_3_01" 0.0082321491163474
"2506" "aP9_2_07" "aP18_3_01" 0.00886368204881408
"2507" "aP9_4_08" "aP18_3_02" 0.00538920929181348
"2508" "aP9_2_11" "aP18_3_02" 0.00543801947054964
"2509" "aP18_3_03" "aP60_5_15" 0.0028370193355827
"2510" "aP9_2_14" "aP18_3_03" 0.00657875761008136
"2511" "aP15_2_09" "aP18_3_03" 0.00737888655816108
"2512" "aP18_3_03" "aP60_5_04" 0.00752345672714484
"2513" "aP15_2_01" "aP18_3_03" 0.00859508729209945
"2514" "aP15_1_05" "aP18_3_03" 0.00873756988685694
"2515" "aP18_3_03" "aP18_3_07" 0.00903792639601172
"2516" "aP9_4_08" "aP18_3_03" 0.00910608441598137
"2517" "aP18_3_03" "aP18_3_04" 0.00917286570808244
"2518" "aP9_4_04" "aP18_3_03" 0.00947553484631614
"2519" "aP18_3_03" "aP60_2_03" 0.00954410185538471
"2520" "aP15_1_19" "aP18_3_03" 0.00963243063673072
"2521" "aP15_2_06" "aP18_3_03" 0.00970966398672698
"2522" "aP18_3_04" "aP18_3_06" 0.00222881683100105
"2523" "aP15_2_13" "aP18_3_04" 0.00327196383359358
"2524" "aP15_2_07" "aP18_3_04" 0.00369808699502575
"2525" "aP18_3_04" "aP18_3_07" 0.00371630407863531
"2526" "aP18_3_04" "aP60_3_07" 0.00382798865034306
"2527" "aP18_3_05" "aP18_3_09" 0.000610665947678368
"2528" "aP18_3_05" "aP60_2_02" 0.000758776893354969
"2529" "aP18_3_05" "aP60_2_05" 0.000909136449495837
"2530" "aP18_3_05" "aP60_5_07" 0.00168278130039948
"2531" "aP18_3_05" "aP18_3_06" 0.00244176587209191
"2532" "aP18_3_05" "aP60_3_02" 0.0025066498115183
"2533" "aP18_3_05" "aP60_2_07" 0.0026848062122854
"2534" "aP18_3_05" "aP18_3_08" 0.00281813352787088
"2535" "aP18_3_06" "aP18_3_09" 0.0025758067481675
"2536" "aP18_3_06" "aP60_2_02" 0.00282499361847635
"2537" "aP18_3_06" "aP60_3_07" 0.00308459239686744
"2538" "aP18_3_07" "aP60_3_07" 0.0026124299426169
"2539" "aP18_3_07" "aP60_2_13" 0.00359561639795143
"2540" "aP15_2_07" "aP18_3_07" 0.00360292445687357
"2541" "aP18_2_05" "aP18_3_07" 0.00377417532194632
"2542" "aP15_1_03" "aP18_3_07" 0.00427663820082718
"2543" "aP15_1_09" "aP18_3_07" 0.00429947873630376
"2544" "aP18_3_06" "aP18_3_07" 0.00447016321175448
"2545" "aP18_3_08" "aP60_5_07" 0.00116406466520017
"2546" "aP18_3_08" "aP18_3_12" 0.00134872013496283
"2547" "aP18_3_08" "aP60_3_02" 0.00142096517612571
"2548" "aP18_3_08" "aP60_2_07" 0.00162655422590723
"2549" "aP18_3_08" "aP60_2_05" 0.00191350860343912
"2550" "aP18_3_08" "aP60_3_11" 0.00237554843805157
"2551" "aP18_3_08" "aP60_4_02" 0.00245475406480524
"2552" "aP18_3_09" "aP60_2_02" 0.000251238104439777
"2553" "aP18_3_09" "aP60_2_05" 0.00103119855305675
"2554" "aP18_3_09" "aP60_5_07" 0.00169692743834076
"2555" "aP18_3_09" "aP60_3_02" 0.00223784649727964
"2556" "aP18_3_09" "aP60_2_07" 0.00237180669387577
"2557" "aP18_3_10" "aP60_5_10" 0.00211954463207911
"2558" "aP18_3_10" "aP60_2_05" 0.00287010848225073
"2559" "aP18_3_10" "aP60_5_07" 0.00289766434283972
"2560" "aP18_3_08" "aP18_3_10" 0.00294396103499949
"2561" "aP18_1_11" "aP18_3_10" 0.00315796707656728
"2562" "aP18_3_05" "aP18_3_10" 0.00316011310356696
"2563" "aP18_3_10" "aP60_5_09" 0.00365963695965148
"2564" "aP18_3_10" "aP60_3_11" 0.00366801103563019
"2565" "aP18_3_11" "aP60_2_08" 0.00258281408728513
"2566" "aP18_1_07" "aP18_3_11" 0.00426408812662942
"2567" "aP60_1_14" "aP18_3_11" 0.0044179939003704
"2568" "aP18_3_12" "aP60_2_07" 0.000961072157066107
"2569" "aP18_3_12" "aP60_3_02" 0.000992475487131671
"2570" "aP18_3_12" "aP60_5_07" 0.00185320808547488
"2571" "aP18_3_12" "aP60_3_12" 0.00194691494788637
"2572" "aP18_3_12" "aP60_4_02" 0.00197667710313057
"2573" "aP18_3_12" "aP60_2_11" 0.00206655342783416
"2574" "aP60_2_01" "aP60_3_03" 0.000462472390300099
"2575" "aP60_2_01" "aP60_5_05" 0.00130755158353168
"2576" "aP60_2_01" "aP60_3_14" 0.00133691620277065
"2577" "aP60_2_01" "aP60_5_03" 0.00137958137956328
"2578" "aP60_2_01" "aP60_4_09" 0.00142203107890334
"2579" "aP60_2_01" "aP60_4_13" 0.00170592406534796
"2580" "aP60_2_01" "aP60_3_09" 0.00205347276562513
"2581" "aP60_2_01" "aP60_2_06" 0.0026430147682213
"2582" "aP60_2_01" "aP60_4_03" 0.00268612590921266
"2583" "aP60_2_01" "aP60_2_14" 0.00271384644945809
"2584" "aP60_2_01" "aP60_4_05" 0.00288276431146487
"2585" "aP60_2_01" "aP60_2_12" 0.00288538881109629
"2586" "aP60_2_01" "aP60_5_06" 0.00313491753496723
"2587" "aP60_2_01" "aP60_5_16" 0.00317919659839807
"2588" "aP60_2_02" "aP60_2_05" 0.000914906819183123
"2589" "aP60_2_02" "aP60_5_07" 0.00150935183030741
"2590" "aP60_2_02" "aP60_3_02" 0.00198922863258679
"2591" "aP60_2_02" "aP60_2_07" 0.00212081486530397
"2592" "aP60_1_03" "aP60_2_02" 0.00256213519222613
"2593" "aP18_3_08" "aP60_2_02" 0.00266294301112358
"2594" "aP60_2_03" "aP60_3_05" 0.000522935588782755
"2595" "aP60_2_03" "aP60_2_09" 0.00254367604148391
"2596" "aP60_2_03" "aP60_4_15" 0.00306694125694315
"2597" "aP60_2_03" "aP60_3_10" 0.00443850124230546
"2598" "aP18_1_12" "aP60_2_03" 0.00491618250648891
"2599" "aP18_1_15" "aP60_2_03" 0.00529221660761572
"2600" "aP60_2_03" "aP60_2_14" 0.00626643393093077
"2601" "aP18_1_02" "aP60_2_03" 0.00640452275555839
"2602" "aP15_1_09" "aP60_2_03" 0.00680085882498564
"2603" "aP60_2_03" "aP60_5_14" 0.00709346879696699
"2604" "aP15_1_15" "aP60_2_03" 0.00713802310880212
"2605" "aP60_2_03" "aP60_2_12" 0.00743730617796589
"2606" "aP15_1_11" "aP60_2_03" 0.00751835286584335
"2607" "aP60_2_03" "aP60_3_14" 0.00752478836387524
"2608" "aP60_2_04" "aP60_5_12" 0.000838930244623318
"2609" "aP60_2_04" "aP60_3_06" 0.00115192211966276
"2610" "aP60_2_04" "aP60_4_11" 0.00151756565822139
"2611" "aP60_2_04" "aP60_5_08" 0.00155897220933654
"2612" "aP60_2_04" "aP60_2_11" 0.00179229290109581
"2613" "aP60_2_04" "aP60_2_16" 0.00214274062632596
"2614" "aP18_2_01" "aP60_2_04" 0.0024006071200397
"2615" "aP60_2_04" "aP60_5_01" 0.00272944082671765
"2616" "aP60_2_05" "aP60_5_07" 0.000774924631270669
"2617" "aP60_2_05" "aP60_3_02" 0.00173125295952876
"2618" "aP60_2_05" "aP60_2_07" 0.00194653029309277
"2619" "aP18_3_12" "aP60_2_05" 0.00256563188860007
"2620" "aP60_2_06" "aP60_3_09" 0.00096163650809812
"2621" "aP60_2_06" "aP60_4_05" 0.00124324664005752
"2622" "aP60_2_06" "aP60_4_13" 0.00135098515948792
"2623" "aP60_2_06" "aP60_3_01" 0.00149745368527257
"2624" "aP60_2_06" "aP60_3_13" 0.00172364183724506
"2625" "aP60_2_06" "aP60_5_06" 0.00201474387219585
"2626" "aP60_2_06" "aP60_2_16" 0.00224602556935927
"2627" "aP60_2_06" "aP60_4_04" 0.0023293708747824
"2628" "aP60_2_06" "aP60_3_03" 0.00236010732443978
"2629" "aP60_2_06" "aP60_2_15" 0.00244293943566334
"2630" "aP60_2_06" "aP60_5_03" 0.00261156068973909
"2631" "aP60_2_06" "aP60_3_14" 0.00324056072414171
"2632" "aP60_2_06" "aP60_3_06" 0.00329881466622215
"2633" "aP60_2_07" "aP60_3_02" 0.000255274711881653
"2634" "aP60_2_07" "aP60_5_07" 0.00142331786602688
"2635" "aP60_2_07" "aP60_2_11" 0.00151673547748675
"2636" "aP60_2_09" "aP60_4_15" 0.000639513254048808
"2637" "aP60_2_09" "aP60_3_05" 0.00217373033769172
"2638" "aP60_2_09" "aP60_3_10" 0.00307714741148266
"2639" "aP60_2_09" "aP60_2_14" 0.00405423676951605
"2640" "aP15_1_09" "aP60_2_09" 0.00436804877125192
"2641" "aP15_1_15" "aP60_2_09" 0.00506323267947077
"2642" "aP60_2_09" "aP60_3_14" 0.00513196775766892
"2643" "aP60_2_09" "aP60_5_03" 0.00529332647057851
"2644" "aP60_2_09" "aP60_5_14" 0.00539321982946502
"2645" "aP15_1_11" "aP60_2_09" 0.00551042963954273
"2646" "aP60_2_11" "aP60_3_02" 0.00175799667400815
"2647" "aP60_2_11" "aP60_3_06" 0.00219692877526688
"2648" "aP60_2_11" "aP60_4_11" 0.00256220720405868
"2649" "aP60_2_11" "aP60_5_12" 0.00261747236389217
"2650" "aP60_1_17" "aP60_2_11" 0.00270853476253611
"2651" "aP60_2_12" "aP60_5_14" 0.000728818542563121
"2652" "aP60_2_12" "aP60_5_05" 0.00163172167671755
"2653" "aP60_2_12" "aP60_4_03" 0.001772286199182
"2654" "aP60_2_12" "aP60_2_14" 0.00180867044112333
"2655" "aP60_2_12" "aP60_3_14" 0.00241422899596745
"2656" "aP60_2_12" "aP60_4_09" 0.00244608324549529
"2657" "aP60_2_12" "aP60_4_12" 0.00308756555358792
"2658" "aP60_2_12" "aP60_3_10" 0.00309173918196407
"2659" "aP60_2_12" "aP60_5_03" 0.00313024510386564
"2660" "aP60_2_12" "aP60_3_03" 0.00329877429344905
"2661" "aP60_2_12" "aP60_4_13" 0.00458350155925151
"2662" "aP18_1_15" "aP60_2_12" 0.00460111089831115
"2663" "aP60_2_12" "aP60_3_09" 0.00467291929395451
"2664" "aP60_2_13" "aP60_3_07" 0.00208925794717027
"2665" "aP60_2_13" "aP60_2_15" 0.00221808912738052
"2666" "aP60_2_13" "aP60_3_13" 0.00291188809051047
"2667" "aP60_2_11" "aP60_2_13" 0.0030640306158192
"2668" "aP18_2_10" "aP60_2_13" 0.0032301599795478
"2669" "aP60_2_13" "aP60_3_06" 0.00323130859054785
"2670" "aP60_2_14" "aP60_3_14" 0.00151009099202487
"2671" "aP60_2_14" "aP60_5_03" 0.0020957365064847
"2672" "aP60_2_14" "aP60_5_14" 0.00210140832633522
"2673" "aP60_2_14" "aP60_5_05" 0.00212040983581015
"2674" "aP60_2_14" "aP60_3_10" 0.00253038491915932
"2675" "aP60_2_14" "aP60_3_03" 0.0031715517644641
"2676" "aP60_2_14" "aP60_4_09" 0.00318026199403357
"2677" "aP60_2_14" "aP60_4_03" 0.00326526973185104
"2678" "aP60_2_14" "aP60_4_15" 0.0034149952913882
"2679" "aP60_2_14" "aP60_3_09" 0.0037816729615348
"2680" "aP60_2_15" "aP60_3_13" 0.000843535302222623
"2681" "aP60_2_15" "aP60_3_09" 0.00243880298760362
"2682" "aP60_2_15" "aP60_3_06" 0.0026015048080036
"2683" "aP60_2_15" "aP60_2_16" 0.00262114043876804
"2684" "aP60_2_15" "aP60_3_01" 0.00318595431889602
"2685" "aP18_1_19" "aP60_2_15" 0.0034898284596312
"2686" "aP18_2_03" "aP60_2_15" 0.0035610273383944
"2687" "aP60_2_15" "aP60_4_05" 0.00357506473181682
"2688" "aP60_2_15" "aP60_5_03" 0.00361814855578762
"2689" "aP60_2_16" "aP60_3_06" 0.00131223075181478
"2690" "aP60_2_16" "aP60_3_01" 0.00139791919900884
"2691" "aP60_2_16" "aP60_3_13" 0.00190516200225122
"2692" "aP60_2_16" "aP60_5_12" 0.00196956659622072
"2693" "aP60_2_16" "aP60_5_01" 0.00200801307612103
"2694" "aP60_2_16" "aP60_4_05" 0.00241717820470389
"2695" "aP18_1_18" "aP60_2_16" 0.00261610011852322
"2696" "aP60_2_16" "aP60_5_08" 0.00277613122059418
"2697" "aP60_2_16" "aP60_5_06" 0.00293619503957798
"2698" "aP60_2_16" "aP60_4_04" 0.00299198450047001
"2699" "aP18_2_10" "aP60_2_16" 0.00306257886662765
"2700" "aP60_3_01" "aP60_4_05" 0.00106954930971955
"2701" "aP60_3_01" "aP60_5_06" 0.00154079591054263
"2702" "aP60_3_01" "aP60_4_04" 0.00163054792281955
"2703" "aP60_3_01" "aP60_5_01" 0.00213485190604028
"2704" "aP60_3_01" "aP60_4_13" 0.00216070362467679
"2705" "aP60_3_01" "aP60_3_13" 0.00234262444525587
"2706" "aP60_3_01" "aP60_3_09" 0.00245782003052555
"2707" "aP60_3_01" "aP60_3_06" 0.00270761658801017
"2708" "aP60_3_01" "aP60_5_12" 0.00311191495886553
"2709" "aP60_3_01" "aP60_5_16" 0.00328358627792743
"2710" "aP60_3_02" "aP60_5_07" 0.00117339374098363
"2711" "aP60_3_03" "aP60_4_13" 0.00128767049219203
"2712" "aP60_3_03" "aP60_4_09" 0.00152196637186724
"2713" "aP60_3_03" "aP60_5_03" 0.00166977204285241
"2714" "aP60_3_03" "aP60_5_05" 0.00168447443177239
"2715" "aP60_3_03" "aP60_3_14" 0.0017597404853699
"2716" "aP60_3_03" "aP60_3_09" 0.00192032864539217
"2717" "aP60_3_03" "aP60_4_05" 0.00246248778704855
"2718" "aP60_3_03" "aP60_5_06" 0.00267843445806811
"2719" "aP60_3_03" "aP60_5_16" 0.00276127921770327
"2720" "aP60_3_03" "aP60_4_03" 0.00290848621343963
"2721" "aP60_3_03" "aP60_4_04" 0.00302464990495761
"2722" "aP60_3_04" "aP60_4_12" 0.00181772171885994
"2723" "aP60_3_04" "aP60_4_10" 0.00291390531528981
"2724" "aP60_3_04" "aP60_5_14" 0.0041249723083875
"2725" "aP60_3_04" "aP60_3_10" 0.00439123447501728
"2726" "aP60_2_12" "aP60_3_04" 0.00482685713839117
"2727" "aP60_3_04" "aP60_4_03" 0.00569756331116524
"2728" "aP60_3_04" "aP60_3_08" 0.00572568994109371
"2729" "aP60_2_14" "aP60_3_04" 0.00589337385557735
"2730" "aP60_3_04" "aP60_5_05" 0.0064234231393293
"2731" "aP60_3_04" "aP60_4_15" 0.00691033370457985
"2732" "aP60_3_04" "aP60_4_09" 0.00699899375715617
"2733" "aP60_3_04" "aP60_3_14" 0.00710668872413921
"2734" "aP60_3_04" "aP60_3_05" 0.00720957514750682
"2735" "aP60_2_09" "aP60_3_04" 0.00728154769236493
"2736" "aP60_3_05" "aP60_4_15" 0.00264430647138197
"2737" "aP60_3_05" "aP60_3_10" 0.00391581284019434
"2738" "aP18_1_12" "aP60_3_05" 0.00457590470361349
"2739" "aP18_1_15" "aP60_3_05" 0.00492749866754705
"2740" "aP60_2_14" "aP60_3_05" 0.00576967400555175
"2741" "aP18_1_02" "aP60_3_05" 0.00624488664444846
"2742" "aP15_1_09" "aP60_3_05" 0.00650836920234273
"2743" "aP60_3_05" "aP60_5_14" 0.00657058585005582
"2744" "aP60_2_12" "aP60_3_05" 0.00691730256849858
"2745" "aP15_1_15" "aP60_3_05" 0.00697265753079624
"2746" "aP60_3_05" "aP60_3_14" 0.00705191957336765
"2747" "aP60_3_05" "aP60_4_12" 0.00712880797491413
"2748" "aP60_3_06" "aP60_5_12" 0.0015229503244715
"2749" "aP60_3_06" "aP60_3_13" 0.00223814247321464
"2750" "aP60_1_11" "aP60_3_06" 0.00236450451926144
"2751" "aP60_3_06" "aP60_5_08" 0.00243970628898451
"2752" "aP60_1_12" "aP60_3_06" 0.00262654882184067
"2753" "aP60_3_06" "aP60_4_11" 0.00264673936768668
"2754" "aP18_2_03" "aP60_3_07" 0.00280029951331364
"2755" "aP18_3_09" "aP60_3_07" 0.00290677404034801
"2756" "aP60_2_02" "aP60_3_07" 0.00297821285260402
"2757" "aP18_3_05" "aP60_3_07" 0.00338992773380226
"2758" "aP60_3_08" "aP60_4_10" 0.00284426085727978
"2759" "aP60_3_08" "aP60_4_12" 0.00538067199686046
"2760" "aP60_3_08" "aP60_4_01" 0.00570103018374915
"2761" "aP60_3_08" "aP60_4_03" 0.00625753397672452
"2762" "aP60_3_08" "aP60_5_14" 0.00681201794083894
"2763" "aP60_2_12" "aP60_3_08" 0.00704897668224102
"2764" "aP60_3_08" "aP60_5_13" 0.00740884391578974
"2765" "aP60_3_08" "aP60_4_09" 0.00757218669080046
"2766" "aP60_3_08" "aP60_5_05" 0.00781870183437086
"2767" "aP60_2_14" "aP60_3_08" 0.00884239731672852
"2768" "aP60_3_08" "aP60_3_10" 0.00888000841965102
"2769" "aP60_2_01" "aP60_3_08" 0.00892904416460977
"2770" "aP60_3_03" "aP60_3_08" 0.00909382593727945
"2771" "aP60_3_09" "aP60_4_13" 0.00148175470691203
"2772" "aP60_3_09" "aP60_5_03" 0.00168826421123284
"2773" "aP60_3_09" "aP60_3_13" 0.0019843448835477
"2774" "aP60_3_09" "aP60_4_05" 0.00201343075975403
"2775" "aP60_3_09" "aP60_3_14" 0.00235851475033199
"2776" "aP60_3_09" "aP60_5_06" 0.00270314968630807
"2777" "aP60_3_09" "aP60_4_04" 0.00305869657775207
"2778" "aP60_2_16" "aP60_3_09" 0.00309190549441148
"2779" "aP60_3_09" "aP60_5_05" 0.0032788382307604
"2780" "aP60_3_10" "aP60_4_15" 0.00259554865347125
"2781" "aP60_3_10" "aP60_5_14" 0.00266567273763
"2782" "aP60_3_10" "aP60_4_12" 0.00357924180076659
"2783" "aP60_3_10" "aP60_3_14" 0.00403978932029095
"2784" "aP60_3_10" "aP60_5_05" 0.00433791084131141
"2785" "aP60_3_10" "aP60_5_03" 0.00458350453460876
"2786" "aP60_3_10" "aP60_4_03" 0.00485690774060822
"2787" "aP60_3_11" "aP60_5_09" 0.00105764422633889
"2788" "aP60_3_11" "aP60_4_02" 0.0020028946489622
"2789" "aP60_3_11" "aP60_3_12" 0.00228911609483486
"2790" "aP60_1_17" "aP60_3_11" 0.00233561715188586
"2791" "aP60_1_03" "aP60_3_11" 0.00291654583455054
"2792" "aP18_3_12" "aP60_3_11" 0.00297424956121037
"2793" "aP60_3_11" "aP60_5_02" 0.0033209575749212
"2794" "aP18_2_01" "aP60_3_11" 0.00338955700906808
"2795" "aP15_2_12" "aP60_3_11" 0.00342479278091738
"2796" "aP60_3_12" "aP60_4_02" 0.000286659077029743
"2797" "aP60_3_12" "aP60_5_02" 0.00103665309104835
"2798" "aP60_3_12" "aP60_4_06" 0.00164841235195491
"2799" "aP60_3_12" "aP60_4_11" 0.00223727456304722
"2800" "aP60_1_03" "aP60_3_12" 0.0023119969338602
"2801" "aP60_1_11" "aP60_3_12" 0.00245485361515624
"2802" "aP18_3_08" "aP60_3_12" 0.00258097903524167
"2803" "aP60_1_12" "aP60_3_12" 0.00260383496715927
"2804" "aP18_2_13" "aP60_3_12" 0.00286760706354532
"2805" "aP60_3_13" "aP60_4_05" 0.00277340080470459
"2806" "aP60_3_13" "aP60_4_13" 0.00305913776230562
"2807" "aP60_2_04" "aP60_3_13" 0.00338989939416254
"2808" "aP60_3_13" "aP60_5_03" 0.00345273880161799
"2809" "aP60_3_13" "aP60_5_06" 0.00354059691271828
"2810" "aP60_3_14" "aP60_5_03" 0.000718779091004506
"2811" "aP60_3_14" "aP60_5_05" 0.00148962447738392
"2812" "aP60_3_14" "aP60_4_09" 0.00231611954839504
"2813" "aP60_3_14" "aP60_4_13" 0.0027692927390561
"2814" "aP60_3_14" "aP60_5_14" 0.00302276075438346
"2815" "aP60_3_14" "aP60_4_03" 0.00306537420209814
"2816" "aP60_3_15" "aP60_4_06" 0.00187094688282621
"2817" "aP60_3_15" "aP60_4_14" 0.00213015925603553
"2818" "aP60_3_15" "aP60_5_02" 0.00256336304661283
"2819" "aP60_3_15" "aP60_5_08" 0.00257002118202127
"2820" "aP60_3_15" "aP60_4_11" 0.00285594396032949
"2821" "aP60_3_15" "aP60_4_07" 0.00290026894975679
"2822" "aP60_3_12" "aP60_3_15" 0.00339817580258974
"2823" "aP60_3_15" "aP60_5_11" 0.00342202736845559
"2824" "aP60_3_15" "aP60_5_12" 0.00347603852512952
"2825" "aP60_3_15" "aP60_5_01" 0.00351906574643488
"2826" "aP60_3_15" "aP60_4_02" 0.00362117859654302
"2827" "aP60_4_01" "aP60_5_13" 0.00201225015970559
"2828" "aP60_4_01" "aP60_4_03" 0.00443111383310264
"2829" "aP60_4_01" "aP60_5_16" 0.00444335736705574
"2830" "aP60_4_01" "aP60_4_09" 0.0046768674136559
"2831" "aP60_4_01" "aP60_4_08" 0.00504697626698741
"2832" "aP60_1_16" "aP60_4_01" 0.00526960892851667
"2833" "aP60_4_01" "aP60_5_05" 0.00560855772099934
"2834" "aP60_1_13" "aP60_4_01" 0.005632699723676
"2835" "aP60_3_03" "aP60_4_01" 0.00581536778462458
"2836" "aP60_2_01" "aP60_4_01" 0.00595312347321305
"2837" "aP60_4_01" "aP60_4_04" 0.00617242403932221
"2838" "aP60_4_01" "aP60_5_06" 0.00617927391779224
"2839" "aP60_2_12" "aP60_4_01" 0.00618835789712672
"2840" "aP60_4_02" "aP60_5_02" 0.00132015259106209
"2841" "aP60_4_02" "aP60_4_06" 0.00182233478876973
"2842" "aP60_4_02" "aP60_4_11" 0.00251399891774493
"2843" "aP18_2_13" "aP60_4_02" 0.00265546729069455
"2844" "aP60_1_11" "aP60_4_02" 0.00265653272465551
"2845" "aP60_1_12" "aP60_4_02" 0.00288827930264209
"2846" "aP60_4_03" "aP60_4_09" 0.00145088684650141
"2847" "aP60_4_03" "aP60_5_05" 0.00159289514867601
"2848" "aP60_4_03" "aP60_5_14" 0.00227042723196801
"2849" "aP60_4_03" "aP60_5_03" 0.00363856572163525
"2850" "aP60_4_03" "aP60_4_12" 0.00388487600859535
"2851" "aP60_4_03" "aP60_4_13" 0.00409154718428133
"2852" "aP60_4_03" "aP60_5_13" 0.00412193761258096
"2853" "aP60_4_03" "aP60_5_16" 0.00419722442164332
"2854" "aP60_4_04" "aP60_5_06" 0.000372752109614741
"2855" "aP60_4_04" "aP60_4_05" 0.00108629718311868
"2856" "aP60_4_04" "aP60_5_16" 0.00173658982726487
"2857" "aP60_4_04" "aP60_4_08" 0.00184345348860774
"2858" "aP60_4_04" "aP60_4_13" 0.00189500441889346
"2859" "aP60_4_04" "aP60_5_01" 0.00283323828886916
"2860" "aP60_2_01" "aP60_4_04" 0.00348394665410026
"2861" "aP60_3_13" "aP60_4_04" 0.00377943265407611
"2862" "aP60_4_05" "aP60_5_06" 0.00078204657710865
"2863" "aP60_4_05" "aP60_4_13" 0.00117742843115754
"2864" "aP60_4_05" "aP60_5_16" 0.00239296386948288
"2865" "aP60_4_05" "aP60_4_08" 0.00290212255106681
"2866" "aP60_4_05" "aP60_5_01" 0.00301523814272076
"2867" "aP60_4_06" "aP60_5_02" 0.00120683430044925
"2868" "aP60_4_06" "aP60_4_11" 0.00234802123715966
"2869" "aP60_4_06" "aP60_5_08" 0.00275651071489861
"2870" "aP60_1_11" "aP60_4_06" 0.00327402061989948
"2871" "aP18_2_01" "aP60_4_06" 0.00328245301007532
"2872" "aP60_1_17" "aP60_4_06" 0.00328942919950283
"2873" "aP18_3_12" "aP60_4_06" 0.00342760260549651
"2874" "aP60_4_07" "aP60_5_11" 0.000817804638830706
"2875" "aP60_4_07" "aP60_4_16" 0.00137338821286888
"2876" "aP60_4_07" "aP60_4_14" 0.00168497306567129
"2877" "aP60_4_07" "aP60_5_01" 0.00365388782040334
"2878" "aP60_1_06" "aP60_4_07" 0.00390845720957468
"2879" "aP60_1_18" "aP60_4_07" 0.00431416256195974
"2880" "aP60_4_07" "aP60_5_08" 0.00432584481332709
"2881" "aP60_1_12" "aP60_4_07" 0.00461200759066481
"2882" "aP60_4_07" "aP60_4_08" 0.00473935689081024
"2883" "aP60_4_06" "aP60_4_07" 0.00477111702612353
"2884" "aP60_4_07" "aP60_5_12" 0.004940262777864
"2885" "aP60_4_07" "aP60_4_11" 0.00509039597721339
"2886" "aP60_4_08" "aP60_5_16" 0.00150933137025661
"2887" "aP60_4_08" "aP60_5_06" 0.0021216859536709
"2888" "aP60_4_08" "aP60_5_13" 0.00304897662225125
"2889" "aP60_4_08" "aP60_4_13" 0.00337422052897743
"2890" "aP60_3_01" "aP60_4_08" 0.00339732273556979
"2891" "aP60_4_08" "aP60_4_16" 0.00361983414435143
"2892" "aP60_4_08" "aP60_5_01" 0.00381397753081633
"2893" "aP60_2_06" "aP60_4_08" 0.0041349361048888
"2894" "aP60_3_03" "aP60_4_08" 0.00413650403205779
"2895" "aP60_4_08" "aP60_4_14" 0.00443156577366554
"2896" "aP60_4_08" "aP60_4_09" 0.00451530236694886
"2897" "aP60_4_09" "aP60_5_05" 0.00106257243426892
"2898" "aP60_4_09" "aP60_4_13" 0.00264556269623349
"2899" "aP60_4_09" "aP60_5_03" 0.00267029952211176
"2900" "aP60_4_09" "aP60_5_16" 0.00300597188339282
"2901" "aP60_4_09" "aP60_5_14" 0.00314406629862567
"2902" "aP60_3_09" "aP60_4_09" 0.00342684363051692
"2903" "aP60_4_09" "aP60_5_06" 0.00370240941654036
"2904" "aP60_4_10" "aP60_4_12" 0.00267218564245194
"2905" "aP60_4_10" "aP60_5_14" 0.00461252597359888
"2906" "aP60_4_03" "aP60_4_10" 0.00495580613232139
"2907" "aP60_2_12" "aP60_4_10" 0.00506216727751528
"2908" "aP60_3_10" "aP60_4_10" 0.00624998534186527
"2909" "aP60_4_10" "aP60_5_05" 0.00627333734606728
"2910" "aP60_4_09" "aP60_4_10" 0.00640633025716711
"2911" "aP60_4_01" "aP60_4_10" 0.00652865647664883
"2912" "aP60_2_14" "aP60_4_10" 0.00671347601039355
"2913" "aP60_3_14" "aP60_4_10" 0.00744793053410956
"2914" "aP60_2_01" "aP60_4_10" 0.00754541738473278
"2915" "aP60_4_10" "aP60_5_13" 0.00766298621215831
"2916" "aP60_4_11" "aP60_5_08" 0.000982507507050991
"2917" "aP60_4_11" "aP60_5_02" 0.00137821977445583
"2918" "aP60_4_11" "aP60_5_12" 0.00140827203258966
"2919" "aP60_4_12" "aP60_5_14" 0.00242880142435199
"2920" "aP60_2_14" "aP60_4_12" 0.00439592099592891
"2921" "aP60_4_12" "aP60_5_05" 0.00464359399322637
"2922" "aP60_4_09" "aP60_4_12" 0.00518325169432008
"2923" "aP60_3_14" "aP60_4_12" 0.00545149215259524
"2924" "aP60_2_01" "aP60_4_12" 0.00594137351854698
"2925" "aP60_4_12" "aP60_4_15" 0.00616623900443986
"2926" "aP60_4_12" "aP60_5_03" 0.00616937114320031
"2927" "aP60_4_13" "aP60_5_06" 0.00152444106034668
"2928" "aP60_4_13" "aP60_5_16" 0.00231881129233871
"2929" "aP60_4_13" "aP60_5_03" 0.00237319554866604
"2930" "aP60_4_13" "aP60_5_05" 0.00297198103390739
"2931" "aP60_4_14" "aP60_5_01" 0.00210287518651952
"2932" "aP60_4_14" "aP60_4_16" 0.00234281737920071
"2933" "aP60_4_14" "aP60_5_11" 0.00249487430615706
"2934" "aP60_4_14" "aP60_5_08" 0.00269552354527459
"2935" "aP60_1_12" "aP60_4_14" 0.00303832854301357
"2936" "aP60_4_14" "aP60_5_12" 0.00325872051930955
"2937" "aP18_1_19" "aP60_4_14" 0.00343199936580652
"2938" "aP60_4_11" "aP60_4_14" 0.00354025994685656
"2939" "aP60_4_06" "aP60_4_14" 0.00380774957922192
"2940" "aP60_4_14" "aP60_5_02" 0.00403070955758217
"2941" "aP60_2_16" "aP60_4_14" 0.00408019685841808
"2942" "aP15_1_09" "aP60_4_15" 0.00408971650507929
"2943" "aP60_3_14" "aP60_4_15" 0.00451678788998041
"2944" "aP60_4_15" "aP60_5_03" 0.00470912334917374
"2945" "aP60_4_15" "aP60_5_14" 0.00479070451767315
"2946" "aP60_2_12" "aP60_4_15" 0.00491529810825476
"2947" "aP15_1_15" "aP60_4_15" 0.00501463054954654
"2948" "aP60_4_16" "aP60_5_11" 0.00160109920979912
"2949" "aP60_4_16" "aP60_5_01" 0.00372903834912353
"2950" "aP60_3_15" "aP60_4_16" 0.0041122978642927
"2951" "aP60_4_04" "aP60_4_16" 0.00447463407380009
"2952" "aP60_1_06" "aP60_4_16" 0.00464304977085465
"2953" "aP60_4_16" "aP60_5_06" 0.00484559459017586
"2954" "aP60_1_13" "aP60_4_16" 0.00491696114115401
"2955" "aP60_4_16" "aP60_5_08" 0.00498522075894701
"2956" "aP60_4_16" "aP60_5_16" 0.00510065894511478
"2957" "aP60_3_01" "aP60_4_16" 0.00513278914978026
"2958" "aP60_5_01" "aP60_5_12" 0.00196233089291031
"2959" "aP60_5_01" "aP60_5_08" 0.00207561433024004
"2960" "aP60_3_06" "aP60_5_01" 0.00274419427685714
"2961" "aP60_5_01" "aP60_5_06" 0.00302648957247313
"2962" "aP60_4_11" "aP60_5_01" 0.00303654898177386
"2963" "aP18_1_18" "aP60_5_01" 0.00305521312320136
"2964" "aP60_5_02" "aP60_5_08" 0.00212076146087801
"2965" "aP18_3_12" "aP60_5_02" 0.00232718196083256
"2966" "aP60_5_03" "aP60_5_05" 0.00204677476243731
"2967" "aP60_4_05" "aP60_5_03" 0.00338604828541266
"2968" "aP15_2_01" "aP60_5_04" 0.00629173721210554
"2969" "aP9_3_05" "aP60_5_04" 0.00668250129394693
"2970" "aP15_1_19" "aP60_5_04" 0.0069231603048162
"2971" "aP9_2_13" "aP60_5_04" 0.00723203718970793
"2972" "aP18_3_02" "aP60_5_04" 0.00769987949213641
"2973" "aP9_2_18" "aP60_5_04" 0.00774942045510672
"2974" "aP60_5_05" "aP60_5_14" 0.00236050859281663
"2975" "aP60_5_05" "aP60_5_16" 0.00392501259172848
"2976" "aP60_2_06" "aP60_5_05" 0.00394349736817434
"2977" "aP60_1_13" "aP60_5_05" 0.00405083613017201
"2978" "aP60_5_06" "aP60_5_16" 0.00174279482628123
"2979" "aP18_2_01" "aP60_5_07" 0.00226211882938807
"2980" "aP60_5_08" "aP60_5_12" 0.000920977180442661
"2981" "aP18_2_10" "aP60_5_08" 0.00265459382003255
"2982" "aP60_4_02" "aP60_5_09" 0.00300939518360969
"2983" "aP18_3_08" "aP60_5_09" 0.0032067316723598
"2984" "aP60_3_12" "aP60_5_09" 0.00329535034645809
"2985" "aP60_1_17" "aP60_5_09" 0.00334529654722344
"2986" "aP60_1_15" "aP60_5_09" 0.00335210596103452
"2987" "aP18_2_08" "aP60_5_09" 0.0036406354709091
"2988" "aP60_1_03" "aP60_5_09" 0.00387317499882916
"2989" "aP15_1_16" "aP60_5_10" 0.00362353243267458
"2990" "aP18_2_12" "aP60_5_10" 0.00378423750978528
"2991" "aP18_2_13" "aP60_5_10" 0.00424406866785865
"2992" "aP15_2_12" "aP60_5_10" 0.00435363359827745
"2993" "aP60_5_01" "aP60_5_11" 0.00446611481087295
"2994" "aP60_1_06" "aP60_5_11" 0.00466552890370826
"2995" "aP60_1_16" "aP60_5_11" 0.00479740186120115
"2996" "aP60_1_18" "aP60_5_11" 0.00484878895439422
"2997" "aP60_5_08" "aP60_5_11" 0.00509692520233381
"2998" "aP60_4_08" "aP60_5_11" 0.0052020847067706
"2999" "aP60_4_06" "aP60_5_11" 0.00527183363231585
"3000" "aP60_1_12" "aP60_5_11" 0.00535622779515789
"3001" "aP60_5_11" "aP60_5_12" 0.00574092635830492
"3002" "aP60_4_11" "aP60_5_11" 0.00582080183986532
"3003" "aP60_5_02" "aP60_5_12" 0.00277046451341091
"3004" "aP18_2_01" "aP60_5_12" 0.00293864079290761
"3005" "aP60_5_13" "aP60_5_16" 0.00250387627977336
"3006" "aP60_1_13" "aP60_5_13" 0.00370416796828117
"3007" "aP60_4_09" "aP60_5_13" 0.00371404081934573
"3008" "aP60_4_04" "aP60_5_13" 0.00420294778013191
"3009" "aP60_5_06" "aP60_5_13" 0.00424505454695908
"3010" "aP60_3_03" "aP60_5_13" 0.0044294390851604
"3011" "aP60_4_13" "aP60_5_13" 0.00456184871781342
"3012" "aP60_2_01" "aP60_5_13" 0.00468895312317573
"3013" "aP60_5_05" "aP60_5_13" 0.0047700027831356
"3014" "aP60_4_05" "aP60_5_13" 0.00488174441406003
"3015" "aP60_2_01" "aP60_5_14" 0.00360451839783397
"3016" "aP60_5_03" "aP60_5_14" 0.00374085120884793
"3017" "aP60_3_03" "aP60_5_14" 0.00402362024554164
"3018" "aP15_1_05" "aP60_5_15" 0.00595811020267573
"3019" "aP18_3_07" "aP60_5_15" 0.00627122946025032
"3020" "aP15_2_09" "aP60_5_15" 0.00659671069866305
"3021" "aP18_3_04" "aP60_5_15" 0.00700827788566501
"3022" "aP15_1_23" "aP60_5_15" 0.00704835482366645
"3023" "aP15_2_01" "aP60_5_15" 0.00719198097360563
"3024" "aP15_2_06" "aP60_5_15" 0.00727098336994325
"3025" "aP18_1_02" "aP60_5_15" 0.00746395156022395
"3026" "aP9_4_04" "aP60_5_15" 0.00758476464501116
"3027" "aP60_2_03" "aP60_5_15" 0.00761525680921584
"3028" "aP15_1_11" "aP60_5_15" 0.00774296485190767
"3029" "aP60_2_06" "aP60_5_16" 0.00343797817141182
"3030" "aP60_3_09" "aP60_5_16" 0.00379917954618552
"3031" "aE17.5_4_05" "aE17.5_4_07" 0.00540283321775959
"3032" "aP0_3_01" "aE17.5_4_07" 0.00546673834523078
"3033" "aE17.5_4_07" "aE17.5_4_08" 0.00767970025787874
"3034" "aP0_2_06" "aP0_3_15" 0.00772287280434626
"3035" "aP0_3_11" "aP0_3_15" 0.00890197469074261
"3036" "aP0_2_03" "aP0_3_15" 0.00922486942789893
"3037" "aP0_1_10" "aP0_3_15" 0.00958280401005296
"3038" "aP0_2_13" "aP0_3_15" 0.0104573800823073
"3039" "aP0_3_15" "aP0_3_16" 0.0106195235370499
"3040" "aP0_2_12" "aP0_3_16" 0.00995829766315112
"3041" "aP0_2_13" "aP0_3_16" 0.0119636755360811
"3042" "aP0_2_05" "aP0_3_16" 0.0128272603786966
"3043" "aP9_2_09" "aP0_3_16" 0.0140143110459338
"3044" "aP15_1_14" "aP0_3_16" 0.014467711080429
"3045" "aP0_3_12" "aP0_3_16" 0.0146879891882861
